670 92
2 1
2 3
2 4
5 3
3 6
3 7
8 3
4 9
10 7
7 11
8 12
9 13
14 11
15 12
16 13
17 13
18 15
16 19
20 16
17 21
22 17
23 17
24 17
25 18
26 22
23 27
24 28
29 24
25 30
31 25
32 25
27 33
34 27
35 28
29 36
37 30
30 38
39 31
40 31
41 31
42 32
43 32
32 44
32 45
46 33
36 47
48 38
49 40
50 41
41 51
41 52
53 43
54 43
43 55
44 56
44 57
58 45
59 45
60 45
45 61
47 62
63 47
64 51
51 65
66 52
67 53
68 55
69 57
60 70
71 60
61 72
73 62
63 74
75 63
76 64
77 65
65 78
79 65
80 68
69 81
82 70
71 83
84 72
85 72
86 72
87 72
73 88
74 89
90 75
91 78
79 92
93 79
94 79
95 81
85 96
97 86
98 87
90 99
90 100
90 101
102 91
92 103
92 104
94 105
95 106
107 95
108 97
109 97
110 97
111 98
99 112
113 100
100 114
115 101
116 102
104 117
118 104
104 119
104 120
107 121
108 122
109 123
110 124
125 110
126 111
127 111
111 128
113 129
113 130
131 114
132 115
133 115
116 134
135 116
136 120
123 137
125 138
125 139
125 140
126 141
127 142
127 143
127 144
127 145
146 127
147 128
148 128
130 149
150 131
151 131
152 132
153 133
133 154
155 133
156 135
157 136
136 158
137 159
160 137
138 161
138 162
140 163
141 164
165 141
166 141
167 141
168 142
143 169
144 170
145 171
172 145
146 173
174 148
148 175
176 148
177 149
150 178
151 179
180 152
181 154
154 182
183 155
184 155
160 185
186 162
162 187
188 163
189 165
190 166
167 191
167 192
193 169
194 170
195 172
196 173
197 175
176 198
176 199
177 200
179 201
202 179
203 180
181 204
205 182
184 206
184 207
186 208
187 209
188 210
211 189
212 190
191 213
214 192
215 193
216 196
197 217
198 218
199 219
220 201
202 221
222 202
223 205
205 224
225 206
206 226
227 207
210 228
212 229
212 230
214 231
216 232
216 233
216 234
217 235
236 217
237 219
238 220
222 239
222 240
241 223
226 242
226 243
244 227
245 228
231 246
232 247
233 248
249 234
250 234
236 251
236 252
253 236
254 237
237 255
256 240
243 257
244 258
245 259
260 249
250 261
262 250
263 252
252 264
253 265
253 266
253 267
268 254
255 269
270 255
255 271
272 255
273 257
274 258
275 258
259 276
277 259
262 278
268 279
270 280
281 271
273 282
283 273
284 273
285 274
286 274
287 275
275 288
289 275
275 290
275 291
276 292
276 293
294 277
277 295
277 296
278 297
298 278
280 299
300 280
301 281
281 302
303 283
304 284
284 305
306 286
307 286
308 286
309 290
290 310
311 291
296 312
313 296
314 297
298 315
316 298
300 317
300 318
301 319
302 320
321 302
322 305
323 308
324 308
325 309
326 309
310 327
328 310
329 310
330 310
331 310
311 332
333 311
311 334
335 312
313 336
337 314
338 316
339 319
322 340
341 325
342 325
343 329
344 330
345 330
346 330
331 347
331 348
332 349
334 350
336 351
336 352
353 338
354 338
338 355
356 341
344 357
358 345
346 359
360 348
361 348
350 362
353 363
364 354
365 355
366 355
355 367
357 368
369 359
359 370
371 361
372 361
373 362
374 364
365 375
376 365
377 366
367 378
379 368
369 380
381 370
371 382
371 383
384 371
385 372
376 386
377 387
377 388
377 389
377 390
391 377
378 392
381 393
381 394
381 395
383 396
397 384
385 398
386 399
386 400
401 388
402 390
392 403
393 404
405 395
395 406
396 407
408 397
409 398
410 398
411 400
412 400
413 401
414 403
415 404
405 416
408 417
418 408
410 419
420 410
411 421
412 422
423 412
413 424
425 414
426 415
416 427
417 428
419 429
420 430
420 431
420 432
433 425
434 430
430 435
436 431
437 432
438 432
433 439
434 440
441 436
437 442
443 437
438 444
445 439
446 439
440 447
441 448
441 449
442 450
451 443
444 452
445 453
454 445
446 455
446 456
457 447
448 458
459 449
449 460
461 449
452 462
463 454
464 456
457 465
466 459
467 461
468 462
462 469
462 470
471 464
467 472
469 473
474 469
470 475
471 476
472 477
478 473
475 479
475 480
475 481
476 482
476 483
477 484
485 477
486 480
487 481
488 481
489 482
483 490
491 483
492 483
493 484
494 484
495 484
496 484
497 485
488 498
499 488
488 500
489 501
491 502
492 503
504 492
505 492
506 493
507 494
495 508
509 496
510 497
499 511
512 500
500 513
514 503
515 503
516 504
517 505
505 518
507 519
520 508
521 509
510 522
510 523
511 524
525 512
513 526
516 527
528 517
529 518
530 518
519 531
532 520
521 533
526 534
526 535
526 536
537 527
529 538
529 539
540 530
541 530
542 534
536 543
544 537
545 537
538 546
539 547
548 540
541 549
541 550
542 551
543 552
545 553
554 545
548 555
556 549
557 549
550 558
551 559
552 560
561 553
554 562
563 556
564 558
558 565
566 558
559 567
560 568
561 569
570 562
562 571
572 562
573 565
566 574
566 575
576 568
569 577
578 569
571 579
573 580
575 581
576 582
583 578
584 578
578 585
579 586
580 587
581 588
582 589
590 583
584 591
592 585
586 593
594 587
595 587
590 596
597 590
591 598
591 599
600 592
601 593
593 602
603 593
604 593
594 605
606 594
595 607
608 596
598 609
599 610
611 600
604 612
604 613
605 614
606 615
616 610
611 617
618 613
619 615
616 620
621 616
618 622
619 623
624 621
625 621
626 622
625 627
625 628
625 629
630 626
631 626
632 626
633 626
627 634
635 628
636 629
629 637
638 631
633 639
633 640
641 635
642 635
636 643
644 636
637 645
640 646
647 640
648 640
649 641
650 641
641 651
644 652
645 653
645 654
647 655
656 651
657 652
658 654
655 659
659 660
659 661
662 659
663 659
664 661
665 663
665 666
666 667
668 666
666 669
669 670

2 597
2 512
2 626
2 625
2 158
1 23 792184135
1 294 635059964
1 339 350017976
1 124 706208058
1 356 626488295
2 516
2 248
1 89 410719638
2 37
1 540 117492530
1 197 613861954
2 635
1 504 104249906
1 278 310552175
1 520 140249368
1 130 390229032
1 507 679496348
1 286 351468477
2 511
1 475 172175595
1 168 573302087
2 289
2 464
1 471 268838249
2 231
1 305 878676421
2 492
1 125 393966696
1 149 898839653
2 60
2 650
2 9
2 174
2 505
2 96
2 343
2 539
2 316
1 225 747526327
2 38
2 379
1 339 135854873
2 440
1 45 848031487
1 623 856515754
2 207
1 358 717828075
2 402
1 243 942662804
1 481 320258594
2 392
1 459 400056027
1 659 876627789
2 74
1 660 685938678
1 461 964095175
1 585 292557835
2 172
2 299
2 610
2 59
1 34 482535938
1 339 889016278
2 234
1 536 443646698
2 556
2 449
2 617
1 600 918794640
2 241
1 497 256852339
2 329
2 196
2 661
2 396
1 46 143141439
2 320
2 260
2 477
1 383 685509317
1 546 958777933
1 561 507480388
1 304 438680522
1 169 556853910
1 422 529411894
1 47 919471890
1 94 821802531
