1297
19
336
137
168
412
170
33
896
360
168
932
324
2139
338
510
94
215
1520
1163
132
871
2021
94
137
359
240
297
1973
1041
199
1475
510
365
315
225
804
235
235
251
19
281
365
236
894
1533
1586
116
1163
2443
1964
483
460
784
268
91
660
132
712
983
1054
195
1319
273
583
33
1910
876
146
365
371
203
593
360
240
397
720
1765
434
860
2032
137
225
359
1764
503
468
58
593
1263
816
1210
1212
710
288
57
681
215
337
19
311
849
809
74
43
57
2176
336
365
365
1586
360
495
1761
1211
1853
33
74
149
1625
833
264
1032
2327
1135
57
1675
1282
281
1212
484
833
119
235
195
116
74
235
218
19
1094
510
1604
548
1307
412
142
33
215
192
324
814
1547
208
1793
997
94
584
281
19
446
888
547
215
408
738
1501
438
57
898
360
82
2310
132
57
381
2406
579
365
1764
1625
591
74
0
468
189
894
593
593
383
1625
816
119
112
983
687
828
235
33
57
334
19
192
82
74
434
1102
324
983
365
280
365
446
139
310
1091
385
168
195
57
510
468
198
652
438
359
338
2530
397
407
371
215
434
738
242
1407
365
288
1309
19
685
748
383
199
57
1734
58
19
862
58
57
225
434
685
19
894
43
57
867
434
597
896
240
483
412
1140
1064
385
1849
137
273
137
137
720
484
281
397
57
57
799
632
1964
1835
337
934
365
1169
1691
657
968
804
765
816
57
1024
640
1892
718
280
1079
215
1028
1864
272
218
1212
132
855
365
1863
748
208
338
1190
968
1922
279
1440
1490
168
983
486
1024
215
2370
19
235
57
297
106
58
137
19
1604
43
236
338
192
1364
1222
58
324
1824
195
74
510
58
408
435
983
510
33
19
412
57
371
94
199
1460
706
137
119
57
389
324
1236
19
365
57
137
33
816
74
876
1873
19
215
236
257
94
408
371
804
1064
203
849
19
484
389
485
82
1460
687
146
203
57
685
371
132
82
611
371
0
1731
412
146
1212
663
2425
438
57
2158
146
192
195
710
2206
510
510
137
1270
192
1675
208
1100
365
542
660
182
33
146
74
862
506
203
1296
74
240
119
1691
1359
518
119
365
1163
264
119
94
74
1326
137
33
146
215
732
1650
687
542
273
146
142
608
19
281
246
1443
57
208
74
279
615
894
997
968
116
139
483
1307
91
43
235
930
57
1973
1054
175
338
663
94
2147
365
43
518
242
2158
561
280
215
215
597
43
485
119
660
81
593
131
1625
218
1873
652
518
984
615
2148
999
116
91
438
81
365
19
2469
2705
33
19
732
208
597
1190
1421
1764
983
1050
58
1270
1691
738
434
1151
1559
146
94
1327
615
1007
94
1650
19
1212
434
738
57
57
142
175
116
593
1704
218
980
408
2422
19
146
19
365
928
503
1163
365
19
983
146
279
1328
732
818
215
57
593
57
1604
1329
33
242
195
663
712
137
710
1054
408
840
218
33
1868
235
33
365
983
365
281
365
137
324
225
208
397
816
548
663
280
1199
661
499
225
397
280
2530
371
1091
119
894
548
19
58
235
82
738
137
1079
58
81
1135
337
1625
257
235
408
468
784
1386
365
1386
57
94
980
1054
816
19
235
280
137
1327
687
1856
510
1451
91
1517
195
81
2147
242
116
894
215
168
1761
137
215
218
584
351
19
1205
759
340
960
19
408
19
1091
91
591
519
268
343
434
1054
57
1102
43
57
867
116
365
218
739
579
119
197
397
412
57
1920
1407
615
242
1604
337
939
337
142
199
81
19
608
57
931
170
1311
357
19
279
1691
19
74
297
809
894
43
315
324
137
1326
1354
818
867
2469
710
240
81
397
19
57
359
926
980
1212
82
365
1066
252
218
1386
506
242
661
215
94
739
19
656
632
81
235
1024
189
359
518
132
484
106
365
195
862
1024
43
19
57
235
483
225
563
1835
397
495
1307
434
720
337
240
2246
1561
336
660
1882
434
106
58
438
137
385
1163
297
132
591
1340
519
1079
33
94
506
810
33
137
58
2139
1973
1907
137
503
57
867
119
57
137
485
1288
1161
225
57
997
343
57
542
19
608
19
2675
1732
337
137
33
516
215
235
235
813
510
281
43
132
116
2206
593
1914
510
371
112
720
131
1856
1288
170
1703
57
593
359
57
131
235
281
19
19
1520
608
2109
365
240
510
281
984
1910
175
510
870
720
170
574
146
718
1853
565
2139
119
732
1351
195
131
208
591
198
2212
932
434
58
112
280
1161
146
235
1091
43
257
661
1079
685
192
1604
106
732
407
19
57
137
365
336
359
197
199
434
1764
137
1547
57
195
189
953
685
397
1119
162
818
1508
681
1079
849
2443
19
58
19
57
360
408
215
499
225
1941
1064
579
19
175
57
19
1440
365
139
983
264
57
784
591
1079
57
510
503
1307
360
19
516
748
43
1484
1436
2021
956
57
119
1761
408
19
58
57
131
817
175
281
1124
19
1091
784
336
192
1211
710
862
0
33
506
1270
608
583
1079
2024
19
663
149
1212
365
548
257
894
19
19
215
116
132
168
168
360
33
365
931
168
175
365
1407
896
804
1694
2149
203
242
1296
94
973
197
58
434
706
57
33
446
1182
1190
33
849
487
343
701
58
661
685
371
57
365
57
137
119
608
57
225
1672
137
43
57
359
57
242
236
57
516
81
235
1761
106
137
57
1918
495
1319
738
2034
94
112
1941
0
584
1079
137
343
625
1021
784
1161
2103
1050
718
1307
94
142
132
983
763
57
461
235
19
495
434
2032
862
19
146
235
1064
856
297
1460
1354
91
33
94
43
19
131
1084
91
687
404
19
142
19
208
1340
57
845
894
894
896
208
57
58
57
343
236
199
33
1319
468
2469
738
272
91
149
225
1079
1892
132
1102
175
739
334
983
2120
2327
365
1212
2147
132
19
542
215
660
1368
685
74
1604
365
1079
1211
175
94
58
499
225
1332
434
365
338
57
983
1173
2370
197
235
235
336
640
19
608
2310
57
732
484
685
106
685
495
738
809
199
1496
412
867
279
33
542
43
170
19
1021
137
434
19
2212
516
257
385
1100
0
168
215
242
385
1870
980
351
701
19
477
19
1625
58
739
74
365
192
703
804
1559
446
280
57
432
1863
397
288
91
43
57
1229
1205
33
1307
131
1014
579
503
199
408
2431
91
660
91
510
1091
934
1765
434
195
116
608
74
833
94
687
137
19
1024
235
983
33
132
1007
687
597
1021
131
33
371
225
2144
137
235
19
81
542
170
58
397
2032
225
1984
58
236
518
1907
687
876
579
412
137
663
397
968
896
225
365
2305
1547
19
1326
19
661
58
82
1793
438
137
495
1353
586
235
175
215
360
33
365
1853
685
116
397
1283
308
579
1547
132
1625
1024
593
338
225
19
112
611
337
33
236
192
1021
81
273
499
19
197
663
1553
789
1102
1094
499
720
1275
146
192
33
273
19
484
1508
146
663
862
2212
139
584
930
57
434
43
137
57
137
365
1091
43
2534
738
1330
170
1973
849
215
57
1691
849
510
486
983
19
359
894
19
365
19
19
132
2667
195
876
203
593
983
74
804
385
1656
1000
434
19
870
199
336
57
57
189
849
235
81
137
784
197
1236
57
252
397
19
170
1084
1135
57
518
934
57
1211
57
397
438
19
968
33
579
584
611
461
203
386
615
1119
960
499
116
1154
33
94
462
587
139
195
236
789
235
2032
336
2070
1200
137
981
1212
19
360
119
19
738
1547
57
338
1024
1075
1091
106
119
763
94
273
139
813
235
434
1856
215
203
137
132
2147
784
1501
57
19
82
33
1533
235
876
1761
19
338
1520
983
170
338
1065
738
137
983
1075
495
57
19
43
324
19
281
225
1065
876
876
365
434
33
19
137
43
43
19
809
1649
139
1731
132
499
510
57
137
116
2206
593
385
215
687
19
2085
870
132
930
1856
43
685
2139
43
137
608
137
365
19
495
1914
518
1274
281
461
608
663
1364
2212
1941
280
930
240
43
235
999
343
132
845
849
542
2624
855
235
57
597
235
597
225
74
371
660
1161
225
1735
1746
281
119
137
2305
19
338
828
1161
170
175
1354
611
503
311
137
1625
137
1145
57
58
137
365
2206
461
189
833
1094
997
33
710
57
882
407
43
640
197
1164
273
74
19
499
91
2206
1079
365
0
189
1079
19
132
19
2156
579
1506
925
1288
137
1649
19
119
2954
57
706
57
33
137
1870
280
718
381
19
1420
506
2954
579
804
57
57
1574
1462
288
1301
1189
146
579
1553
264
137
131
1946
192
360
547
685
19
434
235
2147
268
225
235
149
608
33
94
930
19
1625
1604
548
74
1359
235
1705
311
2983
518
365
57
343
137
82
999
235
1586
19
365
632
1024
934
804
365
687
330
360
19
149
235
264
330
1702
1079
119
74
365
235
660
168
685
584
313
19
137
236
280
1084
168
192
137
518
1421
365
273
137
1438
685
359
1359
132
57
1332
870
896
1460
964
660
82
687
297
257
58
1460
281
168
748
297
1167
746
215
19
542
218
2305
1024
119
57
784
1359
510
338
999
94
132
19
1732
199
199
360
1941
106
1870
19
1438
518
57
499
58
33
119
1274
106
279
94
397
1212
19
983
19
446
192
2120
983
19
518
1789
849
175
510
131
91
1533
1684
240
656
146
930
748
1835
1920
94
235
240
1424
137
584
739
235
518
112
288
784
112
168
235
168
297
19
685
611
91
279
408
542
849
510
608
116
512
82
195
116
983
983
1547
94
74
365
74
720
499
510
1691
119
137
268
137
58
132
685
2897
597
257
408
1236
1081
57
408
685
565
112
235
170
19
446
215
57
584
738
91
407
74
1547
1094
57
132
19
484
139
630
503
640
336
19
1684
1212
57
19
2443
257
19
137
1604
137
2370
1520
503
1863
1054
280
383
1161
1732
365
192
1460
1042
1586
856
19
351
137
1319
268
816
720
720
616
1108
119
57
2158
1102
1367
119
1189
434
1761
510
371
235
57
867
235
33
656
625
264
786
119
94
438
1236
499
146
486
516
359
360
1691
359
495
804
235
57
74
273
137
789
235
804
365
720
81
1296
106
240
1309
1046
215
360
1354
57
1169
137
324
896
208
542
809
19
225
2406
33
2024
192
1173
142
1161
33
483
82
240
0
1439
1354
1081
131
58
74
19
611
365
720
583
894
2294
896
146
983
137
137
1319
685
804
894
778
1199
215
1625
146
170
1024
235
116
57
57
19
1574
503
732
19
434
1650
33
685
661
1064
499
408
139
495
240
894
495
1910
1340
189
397
1359
168
19
1327
706
33
732
242
862
273
412
235
235
438
983
57
1761
784
132
195
487
732
518
168
170
139
281
280
33
510
119
137
289
33
1248
137
338
235
365
1574
593
343
264
732
74
137
1087
434
434
170
1332
195
748
687
2158
804
1359
33
565
1625
192
1329
225
365
1332
558
297
706
57
1014
506
1283
725
876
91
235
365
983
685
685
1190
280
365
503
137
907
197
748
817
660
19
1520
983
964
58
385
43
1054
389
131
983
371
175
131
446
1625
1777
882
137
74
510
74
1436
57
19
1704
81
2445
1021
434
2370
483
168
1261
74
19
1212
983
1007
137
1183
438
510
139
484
593
94
718
324
195
1263
197
2246
19
542
408
1547
58
215
43
57
43
19
408
208
280
365
718
132
137
106
137
313
33
137
685
268
225
195
19
365
983
132
499
1005
385
2034
116
968
19
718
968
1054
706
1024
19
732
252
289
1190
131
19
57
19
215
235
862
324
641
518
225
510
334
397
19
58
1856
1296
146
1102
1081
896
19
663
1475
91
131
149
789
19
365
235
1631
720
208
351
706
273
1586
385
19
235
33
242
235
1161
412
593
894
1311
809
137
896
142
0
486
297
116
43
81
240
19
809
561
149
510
2469
499
119
139
1785
308
19
687
311
1212
1282
235
132
311
810
1547
192
91
0
1517
137
1547
2043
132
640
1054
2323
389
19
57
81
804
19
1091
404
468
510
168
112
753
149
189
268
1517
1296
1386
365
804
687
579
149
189
94
706
168
365
57
137
33
242
359
74
616
748
360
1735
297
661
1021
175
510
660
33
137
338
337
225
57
2085
1963
139
175
57
33
81
1561
149
236
1351
461
57
81
818
137
495
1091
365
119
736
264
882
485
360
593
19
242
336
1354
119
268
19
2443
1735
19
518
687
404
558
57
235
94
2294
365
57
235
660
0
119
495
106
661
281
235
240
19
192
192
611
495
94
43
19
687
1001
137
1344
43
338
1102
19
139
94
1140
1941
720
359
408
518
119
137
1650
281
33
338
170
404
281
94
208
106
389
816
964
882
57
841
784
43
1161
656
1732
1212
1296
1379
208
468
242
19
33
1205
371
896
273
516
19
611
0
235
19
510
189
1964
215
131
510
487
19
1508
876
337
19
1145
137
273
1353
545
19
597
225
297
548
58
336
131
360
763
131
139
198
1319
199
257
397
257
706
19
235
1274
1021
131
660
1319
311
149
1261
43
170
57
1462
168
112
19
2706
235
58
534
630
579
116
137
1761
1668
1332
894
746
438
94
687
19
215
91
397
1261
1044
371
931
894
58
2120
371
1145
199
1173
1460
968
608
132
225
499
1212
862
503
1702
198
468
640
1100
385
357
706
438
483
563
518
182
197
814
1240
894
19
615
235
408
1856
365
983
510
297
197
786
720
485
43
718
81
896
338
240
591
2176
19
192
58
1036
19
748
57
397
1856
146
43
1691
558
1359
984
132
236
1007
1731
57
1236
19
119
175
1261
57
279
748
598
579
408
433
19
208
495
131
168
19
311
1297
146
57
57
732
57
195
1501
139
235
683
438
1407
894
175
235
43
146
828
81
280
615
132
116
43
215
119
19
19
685
192
843
311
495
91
19
1288
19
397
404
242
19
168
273
365
983
1781
19
542
240
516
33
468
1781
1163
131
1094
778
365
548
2006
1223
58
170
1868
19
983
389
1270
74
499
208
242
748
1496
1161
615
119
468
215
365
1547
131
197
789
495
648
338
360
1353
1705
1212
146
1631
685
385
91
268
660
94
365
132
168
542
2327
146
131
1559
510
1506
597
81
240
57
593
1319
656
518
235
264
964
94
1809
584
91
236
343
849
119
365
170
19
1732
648
433
116
408
357
338
19
720
491
968
597
1791
235
656
862
1212
19
240
19
236
1438
132
43
845
240
19
132
142
91
106
19
324
137
139
579
706
94
137
486
499
149
706
94
58
608
385
1161
1102
215
685
91
74
484
235
1420
912
215
146
137
43
280
579
817
930
486
1091
1263
930
324
434
1163
91
57
687
1212
593
2147
484
404
1344
1475
311
1351
273
1560
81
371
434
192
434
1631
661
542
43
33
748
2144
19
