5
35
207 366 313 211 485 403 366 168 99 465 14 288 558 550 561 670 766 987 630 439 833 959 895 332 946 682 18 240 216 124 405 312 754 999 829
32
411 719 348 181 384 554 560 282 826 715 562 491 513 634 155 407 613 622 860 473 135 704 5 723 544 684 81 281 877 446 124 195
6
44 271 675 242 4 938
97
276 354 922 425 236 42 376 98 628 463 947 393 998 89 873 528 909 668 809 439 588 81 749 251 445 515 586 621 313 542 944 544 663 520 910 472 806 759 19 978 825 854 920 346 541 825 803 34 271 517 431 244 531 580 920 689 231 307 587 945 677 90 105 92 143 413 753 583 783 564 352 953 610 733 331 539 990 313 895 16 454 420 3 123 620 445 327 809 925 524 288 65 747 135 101 296 116
48
976 559 461 322 695 177 542 625 33 21 21 368 963 571 631 399 93 143 459 224 276 841 110 634 125 69 361 603 310 241 234 56 637 686 14 219 902 347 745 211 919 834 187 792 798 334 874 211
