10 10
938568749 622216614
473949650 794427283
821003445 932759572
521639872 980300286
221194869 486910867
809253866 513217132
566374168 282501808
288139033 402357178
916473963 145958981
592255402 968995324
113069862 909714805 1855286879
572813519 935368048 360790753
835912982 28401519 1522137034
943993031 111940362 225760073
691215613 610900606 819611681
587238282 311777785 1880923653
456111973 232449572 18088793
962684125 421316721 1467079358
552510486 894255979 244953943
34786274 222621226 262985445
