10 10
667489048 282547819
694873877 525794923
605957229 147658688
928289876 455560133
465507205 531350815
397977066 913356070
351069660 834164613
611261253 238522918
683770744 737447844
351350094 473152918
514777487 599392520 569824365
137189600 455145855 1628925058
608994260 433029864 1934471803
808080594 147680163 285305477
21063000 446217794 1327338574
893765604 214084743 1613158804
275394615 72409598 428619572
330099901 508619112 1824338950
736911127 92119993 162539027
892299571 534134220 139343100
