10 10
263981199 52332634
326795173 857652684
184061837 846545137
39542400 348620078
96871071 314776708
19327149 702608210
486997547 362493836
734600837 228406106
676322287 184313447
205910594 985010975
928597138 172342418 665625750
340192959 922085230 1825805421
805685495 219541540 475070350
46582216 362751918 627012670
992537289 166054334 546988451
737816464 744271257 271067547
452324700 46871694 520849246
346308346 941075455 1143971877
660238873 118083277 1008148551
83919208 300976098 1790740155
