3000 3000
0 265577685
0 279712461
0 865961338
0 715526160
0 152109041
0 720516447
0 663839583
0 572363102
0 15684570
0 774105531
0 355480679
0 318103883
0 809487980
0 566618853
0 399560845
0 428122875
0 406123722
0 227690500
0 306745648
0 787880089
0 156872708
0 469927843
0 869358593
0 484045893
0 426478595
0 185300258
0 685124964
0 866358473
0 860892074
0 127174101
0 52166097
0 234915167
0 1283671
0 865420734
0 621863964
0 642302488
0 841947683
0 406710183
0 965884354
0 11045955
0 206380108
0 78666956
0 342323000
0 454526391
0 827378482
0 47815916
0 107134805
0 434808582
0 812083899
0 351015788
0 705503856
0 949638582
0 524760946
0 79475263
0 115585504
0 33725632
0 834192067
0 146960701
0 800127903
0 986646983
0 741878626
0 815157997
0 754154380
0 875030525
0 631139352
0 127024258
0 439222052
0 246316711
0 918649068
0 271593898
0 59548964
0 667959639
0 331709429
0 665550900
0 737148345
0 596659150
0 227157684
0 802909527
0 875723447
0 971210440
0 866669441
0 690009577
0 528083968
0 311285024
0 317062986
0 173083657
0 804999892
0 502965113
0 115905211
0 328634928
0 945671312
0 73564662
0 221914300
0 242491836
0 432958716
0 316736043
0 173424891
0 687660762
0 553221346
0 751342975
0 656855818
0 346602370
0 529872011
0 321234006
0 7102492
0 132452920
0 341753344
0 665149620
0 269202960
0 841852142
0 14696242
0 405507345
0 428577150
0 224553782
0 589291838
0 761313060
0 137923658
0 532247521
0 5826545
0 578966899
0 475291728
0 214873746
0 765663170
0 598994632
0 784746909
0 31136935
0 223022568
0 60186956
0 449938477
0 538414730
0 388929391
0 221456822
0 279705664
0 105742458
0 449404266
0 246367153
0 314067080
0 128989807
0 57142141
0 558303247
0 957188209
0 713163547
0 417445999
0 273509176
0 728051280
0 608909309
0 137483176
0 775550963
0 122658734
0 989320023
0 706550024
0 692751998
0 77018001
0 928304276
0 964454766
0 30953056
0 912233106
0 939486445
0 549538589
0 895854110
0 17223886
0 459244234
0 112641047
0 667849474
0 477513393
0 882052469
0 706706161
0 390473573
0 663304255
0 175087434
0 745556494
0 262820855
0 168377233
0 32396980
0 142247955
0 125735320
0 865821330
0 310147382
0 340034641
0 756906816
0 756509445
0 986562561
0 9128023
0 515738114
0 986793325
0 323618241
0 230328778
0 894025673
0 21266499
0 309483039
0 949217813
0 919495727
0 539900516
0 886046743
0 137570705
0 439166452
0 799612164
0 289550737
0 588288377
0 935805655
0 814768089
0 95437480
0 6546296
0 625164296
0 228352633
0 658272284
0 200674885
0 561513392
0 452354438
0 420246088
0 65621798
0 120584878
0 452788429
0 777645554
0 737183021
0 209331666
0 280230395
0 405809865
0 291505687
0 445863501
0 76013822
0 161802544
0 852422375
0 842984661
0 744484771
0 177561647
0 552074962
0 664018408
0 720187164
0 405739126
0 668331194
0 168664700
0 24805467
0 506379486
0 805156256
0 637071493
0 11367699
0 592610286
0 331626541
0 688171024
0 718844102
0 890719425
0 160823689
0 201715198
0 847797729
0 145905784
0 126169091
0 945095039
0 906675748
0 314363998
0 400586017
0 877501659
0 499551443
0 394883811
0 437759366
0 681897359
0 677599677
0 664887987
0 255136437
0 113652540
0 827022202
0 843510691
0 869576622
0 626787597
0 803285970
0 864544533
0 765610396
0 626239994
0 618954264
0 664243091
0 468900727
0 426821416
0 729226781
0 708310419
0 305457981
0 670392370
0 933499545
0 193742100
0 580437051
0 4904183
0 108141922
0 248191249
0 25098559
0 161806139
0 908116649
0 762909371
0 779502432
0 119053583
0 356841633
0 191950492
0 710696635
0 788199258
0 258505085
0 235019180
0 486617579
0 917013819
0 869518851
0 92131167
0 448072030
0 608432887
0 973875292
0 412394992
0 689474137
0 428492175
0 115955130
0 44182164
0 623147089
0 129005120
0 304114821
0 280142584
0 890339879
0 673286601
0 897942179
0 763739471
0 245176510
0 736356897
0 621979505
0 616056582
0 928259323
0 123730874
0 131485915
0 934343392
0 438787067
0 929734378
0 115644619
0 188144048
0 572410349
0 432135460
0 370521045
0 860097007
0 654642029
0 987108494
0 417575439
0 228570286
0 411193540
0 693526880
0 698759931
0 244758848
0 999367705
0 982353474
0 192768341
0 281640678
0 881132975
0 13937955
0 369057161
0 280851396
0 745144203
0 454149110
0 265423545
0 258155485
0 856097550
0 741997220
0 85690127
0 344486378
0 159985147
0 182519717
0 654800480
0 310865755
0 540748094
0 244925548
0 48501513
0 54825313
0 838981173
0 553982396
0 866834609
0 262241588
0 84053230
0 488223638
0 27104911
0 734061021
0 727212102
0 324924232
0 684842241
0 179998748
0 678540918
0 917920702
0 5934110
0 652533724
0 953576795
0 982061780
0 86183208
0 164972708
0 573310231
0 656700524
0 710198517
0 517488627
0 773904218
0 906422683
0 15183742
0 834774160
0 841877000
0 169839418
0 144527120
0 221719333
0 906855066
0 505114625
0 319724154
0 728426957
0 121409927
0 892108449
0 132240686
0 766771203
0 751067490
0 676449357
0 279220216
0 789490410
0 809644479
0 265829493
0 61231625
0 588512627
0 337191485
0 352761753
0 473030644
0 464681671
0 751841543
0 820604863
0 275081432
0 338338916
0 999306979
0 986765761
0 882697448
0 326808225
0 265157303
0 67210064
0 157269472
0 860843082
0 156747959
0 794171389
0 269190421
0 966377412
0 475497210
0 724960720
0 363795503
0 61667279
0 740320396
0 874750625
0 12798014
0 849549972
0 607116722
0 854535932
0 920963045
0 761075257
0 710866857
0 883361172
0 876706718
0 805039814
0 235821695
0 793840225
0 878554981
0 58947263
0 954302960
0 759999214
0 511558281
0 925256638
0 241690156
0 184305068
0 909592120
0 305294336
0 404263420
0 514078688
0 184108584
0 577024196
0 78941330
0 925184570
0 564601517
0 170412801
0 674125800
0 801280398
0 579135355
0 458792913
0 226015238
0 768162994
0 760615383
0 195526952
0 433693063
0 811954036
0 211209526
0 124540904
0 592056222
0 632218885
0 533662527
0 43259859
0 326482336
0 902089121
0 937315076
0 257618738
0 997725076
0 107152355
0 265566001
0 231513317
0 224841671
0 383873517
0 984418288
0 853662977
0 613222273
0 791361153
0 661371237
0 533673659
0 914604326
0 230520914
0 266527267
0 180391531
0 263889061
0 896497961
0 974034459
0 643414789
0 141475481
0 358886553
0 617089456
0 652864498
0 575299790
0 866732121
0 93932751
0 270393707
0 782406780
0 195732165
0 495994874
0 645119212
0 458617635
0 137601704
0 178224668
0 838435420
0 437191767
0 626447003
0 730006359
0 937196123
0 488212496
0 861313738
0 141064334
0 641087892
0 736224199
0 843345525
0 453642537
0 883478982
0 440463098
0 402381105
0 247275957
0 753577638
0 923080332
0 41766542
0 385900498
0 663947829
0 402785751
0 916543019
0 852848570
0 830459634
0 224327164
0 678436755
0 984754386
0 106408465
0 152116736
0 752971109
0 6508854
0 278978435
0 610190705
0 561097124
0 789143348
0 731581241
0 689195562
0 794382833
0 726296308
0 146552600
0 901852312
0 651022361
0 234751235
0 301324267
0 840873217
0 810617781
0 87774593
0 753995197
0 659794461
0 920743489
0 738485651
0 442584756
0 781823424
0 898721195
0 636035785
0 856531051
0 83507928
0 665140726
0 164588497
0 662912630
0 151604904
0 98956827
0 4420243
0 487586076
0 356594508
0 708698531
0 34733953
0 312855235
0 875512469
0 601227326
0 539414504
0 904491393
0 359100870
0 394972308
0 81458500
0 754534163
0 35493531
0 140503400
0 129167470
0 960223802
0 24335899
0 462905763
0 165073763
0 753007625
0 617526394
0 983668467
0 563742219
0 384034347
0 21753399
0 921998006
0 545468744
0 383134561
0 267964455
0 611250474
0 337506340
0 112515016
0 878955726
0 130060436
0 51778187
0 965530843
0 66512843
0 620985398
0 123922865
0 845762324
0 206598833
0 892076387
0 307881088
0 802275574
0 653286590
0 700176920
0 839554364
0 527257932
0 271374672
0 89695197
0 544448251
0 690198256
0 543836021
0 592164167
0 892011620
0 776491011
0 764952180
0 645112675
0 690015976
0 222808115
0 82982458
0 78589132
0 543696014
0 38295450
0 998199650
0 998665591
0 703825109
0 651775877
0 53296455
0 424631423
0 735506021
0 193671386
0 269871275
0 330074635
0 119137800
0 644551262
0 481370258
0 746695924
0 432630963
0 494865528
0 720864957
0 288107050
0 643953802
0 598121760
0 618199844
0 505015262
0 630689256
0 771743984
0 10179556
0 813951523
0 489012555
0 73725291
0 898327483
0 501765919
0 626895415
0 890466727
0 9738755
0 359014324
0 149788552
0 822766168
0 174916415
0 735743743
0 1842407
0 680402311
0 361148310
0 653400106
0 440358201
0 733591703
0 218980631
0 238648512
0 419899581
0 267601060
0 53801216
0 782307216
0 444287410
0 70757386
0 645447943
0 782371048
0 819474092
0 801708887
0 100635652
0 731773677
0 708888599
0 527198300
0 228800306
0 918353698
0 297638444
0 634748318
0 175239046
0 378441755
0 721236447
0 104575751
0 186764374
0 430636445
0 940788520
0 855695114
0 114324932
0 813759018
0 825391186
0 411453243
0 462413928
0 868891450
0 40968789
0 976310126
0 574803475
0 725057931
0 859339530
0 750356727
0 28098516
0 620585636
0 707673370
0 181732667
0 568234772
0 321641500
0 75620525
0 801768110
0 961230163
0 127554999
0 491681924
0 476437102
0 569571305
0 800867377
0 711308270
0 311534953
0 589551078
0 581710565
0 864870615
0 285704752
0 567339180
0 217672614
0 15942165
0 44697873
0 739636127
0 460441474
0 225329885
0 560634116
0 659134709
0 523690029
0 887750332
0 88477023
0 960296687
0 373813759
0 473715152
0 660340801
0 304385526
0 821945399
0 859102191
0 807013360
0 285047062
0 946659797
0 272633217
0 874779731
0 385712593
0 347487804
0 931521541
0 845525794
0 652025962
0 418546203
0 662425818
0 719901845
0 604777172
0 75890785
0 704481535
0 436195963
0 3818212
0 960643684
0 538585674
0 634013198
0 220131360
0 261176391
0 352225463
0 339660475
0 807469667
0 921745010
0 152865373
0 604543365
0 975483180
0 940944805
0 27663079
0 505863475
0 548352735
0 305851045
0 715448946
0 853625955
0 409978556
0 214680440
0 535372717
0 271518930
0 401593618
0 277117521
0 506270204
0 191494507
0 806386091
0 105934825
0 660559462
0 395574503
0 639717827
0 504853399
0 339843544
0 397131662
0 171317343
0 792415310
0 40721846
0 899911246
0 251968147
0 443825746
0 795940694
0 955808455
0 822358323
0 663535906
0 361168844
0 356387071
0 974431209
0 627105055
0 453038033
0 401047260
0 718208697
0 409421363
0 352574030
0 977738831
0 462603516
0 712325322
0 156844404
0 18432759
0 250315578
0 335227941
0 723597874
0 586674719
0 511046415
0 688132127
0 436716990
0 456702018
0 100864720
0 431756347
0 618289706
0 638255857
0 652290488
0 968804910
0 625373883
0 41289601
0 657604302
0 357798922
0 174152557
0 455757493
0 186334488
0 79468591
0 902647626
0 361794724
0 10735187
0 773725135
0 193527693
0 937142512
0 574002446
0 153698940
0 186789055
0 652125897
0 973712372
0 42754260
0 853494358
0 194801378
0 166761044
0 577573071
0 842975987
0 505514092
0 87236018
0 910076088
0 524843599
0 125187580
0 395239896
0 365445253
0 78428426
0 936238857
0 769257872
0 497009510
0 969118186
0 119858210
0 729948518
0 93057088
0 675382001
0 268684981
0 570278426
0 473247659
0 790170823
0 859113360
0 917195125
0 239800608
0 145732891
0 7354691
0 182076071
0 295525927
0 718011549
0 751995590
0 507111535
0 399501959
0 201200397
0 125845034
0 560647329
0 79808561
0 955219175
0 669696204
0 774819725
0 364155513
0 883627151
0 948994087
0 829385473
0 379530881
0 556591436
0 999390537
0 580265148
0 178305906
0 130807756
0 949288815
0 737462954
0 479033738
0 149262645
0 715646828
0 894140644
0 169157264
0 602257017
0 166156346
0 803681126
0 402355460
0 154649938
0 330118975
0 820028019
0 981542948
0 467025801
0 749112785
0 568803844
0 730522135
0 57041500
0 838099305
0 95946936
0 328823302
0 346687863
0 181138618
0 877657009
0 463501398
0 990228604
0 509164130
0 479181545
0 74548023
0 670727114
0 5645429
0 899687940
0 540617150
0 823978650
0 968633526
0 357472493
0 734984633
0 708648406
0 856495168
0 512339841
0 667355463
0 853824423
0 765390146
0 489997295
0 518897453
0 926250072
0 999013861
0 326695051
0 24907432
0 985855283
0 481402387
0 681631415
0 765599511
0 626837691
0 461800382
0 651993082
0 358324920
0 672326063
0 949033798
0 453279779
0 807233671
0 501233789
0 756035587
0 875786604
0 309003697
0 256607750
0 81007436
0 380821300
0 118041429
0 472444184
0 572701963
0 676176445
0 399053649
0 792260967
0 32299865
0 515532900
0 55482922
0 883313471
0 275329789
0 830884588
0 524651419
0 442715450
0 862407246
0 805048041
0 324809577
0 194052956
0 924145151
0 800504444
0 790074021
0 968043484
0 455008041
0 34647959
0 548090572
0 950715754
0 801909567
0 595819124
0 520068222
0 920350765
0 377504538
0 772835056
0 789795759
0 407157265
0 352498189
0 327019228
0 660479035
0 609568328
0 561392508
0 51386469
0 362719941
0 542117819
0 489078015
0 627819990
0 275157358
0 108758131
0 259375816
0 240214762
0 799800569
0 111586338
0 412621154
0 689268432
0 510733435
0 503479506
0 221813393
0 771383441
0 931014687
0 369788478
0 564831751
0 142579331
0 569350014
0 63124652
0 468408593
0 646056550
0 944006884
0 604902780
0 714431008
0 659979059
0 626481731
0 599796260
0 981492511
0 963345779
0 958708175
0 723727979
0 883711540
0 516829535
0 479360846
0 315414870
0 950084268
0 336031863
0 375190705
0 411254456
0 284223979
0 318289821
0 911136287
0 121186495
0 897318727
0 678560534
0 24976223
0 123486292
0 430172002
0 345564745
0 413098449
0 443105876
0 590713853
0 158733655
0 470569976
0 107907247
0 860719220
0 266466374
0 848952539
0 162510176
0 996665855
0 927538282
0 93418303
0 424176494
0 890674560
0 595976352
0 210020170
0 319458104
0 499130560
0 568736133
0 187623297
0 929572075
0 837585462
0 637064911
0 787383528
0 314419106
0 809511925
0 158599867
0 115393045
0 138878450
0 985349965
0 365754643
0 475134914
0 440541396
0 918485695
0 115751009
0 465863052
0 575336161
0 629169900
0 323025557
0 447400658
0 700074978
0 978077373
0 932389083
0 580281054
0 351275545
0 636389441
0 881506505
0 490103874
0 868869705
0 326509960
0 397940359
0 399380464
0 771437638
0 324646295
0 989786111
0 369839017
0 496442383
0 731406362
0 674248830
0 11289892
0 256411981
0 486401699
0 316133201
0 675968876
0 128188656
0 137909311
0 795061823
0 844500854
0 176069378
0 285889631
0 95203337
0 355232962
0 54010958
0 358970040
0 229004652
0 322960286
0 229409067
0 199930387
0 150907695
0 622459363
0 896558129
0 374162972
0 97123032
0 163991863
0 884795049
0 150685130
0 556418796
0 773167075
0 696118185
0 958223023
0 666189190
0 744710425
0 580724846
0 790392397
0 64019796
0 102307559
0 989982993
0 830060600
0 85883241
0 689259045
0 206360040
0 927307590
0 52850245
0 174952151
0 961286736
0 282535646
0 296472272
0 660474473
0 439167207
0 492295572
0 335998076
0 515410758
0 766561435
0 242322770
0 13028797
0 255617745
0 876806932
0 918600764
0 101299502
0 330481413
0 222243606
0 709892240
0 944004489
0 624038016
0 537187547
0 602444993
0 561854031
0 540615143
0 683408237
0 963738213
0 408558114
0 815516458
0 881685727
0 234641083
0 640988238
0 614212421
0 732812452
0 379209700
0 966639669
0 764468107
0 398981198
0 561448043
0 282112846
0 725434052
0 247205471
0 711736327
0 356472774
0 957390718
0 117578130
0 762998139
0 13206139
0 992207792
0 970531850
0 850776322
0 60995017
0 230252074
0 392327262
0 672550752
0 627441096
0 757087441
0 203999783
0 234995285
0 252754399
0 351678308
0 519389975
0 757657728
0 871831771
0 870078571
0 625549638
0 1450104
0 691190310
0 330979819
0 52960529
0 504540050
0 709838597
0 825079809
0 131968465
0 869934864
0 761941234
0 404915080
0 15854496
0 817372438
0 595652370
0 26607244
0 483841177
0 871332467
0 435543039
0 493374001
0 354799134
0 769454014
0 308618177
0 778657768
0 851387276
0 54275292
0 794999802
0 528125521
0 940508620
0 980479150
0 473843345
0 240480726
0 621110449
0 500203646
0 953487489
0 190542650
0 89794861
0 199590074
0 382347343
0 651055341
0 111979232
0 686379693
0 300245590
0 179727291
0 419024123
0 291943300
0 675039179
0 465351409
0 319257218
0 687678294
0 293040621
0 426901700
0 317480856
0 98891548
0 771495214
0 311844503
0 625072507
0 673522629
0 606520929
0 9328166
0 30845011
0 983219180
0 249678630
0 24815409
0 728148292
0 556780855
0 351131622
0 798410806
0 43961793
0 780486320
0 708187406
0 106556901
0 683182269
0 283523204
0 84104363
0 863594580
0 689863248
0 28417474
0 373085041
0 172015093
0 460770803
0 1954842
0 740503832
0 322404116
0 90653858
0 843775377
0 992723302
0 654159887
0 859740902
0 874742502
0 272277993
0 349113077
0 950190128
0 83013596
0 103058216
0 386499711
0 824053653
0 333037220
0 223925747
0 649347606
0 206595525
0 366623720
0 91478633
0 203103686
0 325258087
0 123391757
0 771223269
0 939879325
0 30692728
0 151614314
0 163702438
0 944213046
0 981038887
0 608004281
0 240199649
0 233074738
0 629508065
0 388502598
0 71697953
0 531781996
0 362010934
0 907845277
0 846044001
0 672641700
0 616388732
0 518784065
0 641646063
0 197225632
0 462166803
0 204941580
0 230359569
0 725510687
0 135584752
0 467453636
0 432513193
0 180083451
0 293985814
0 262978386
0 81781307
0 700562812
0 925960472
0 480579462
0 252733912
0 858974697
0 547078091
0 738237303
0 667551765
0 190176566
0 137516313
0 749606000
0 990678045
0 655133746
0 525896531
0 431766227
0 661556402
0 219563664
0 328596695
0 489001331
0 413083039
0 114158260
0 149502297
0 571110090
0 310223989
0 586888712
0 977611221
0 92133110
0 231718750
0 856209931
0 787894019
0 679330478
0 754051742
0 638746631
0 708450973
0 843029700
0 657209620
0 366067120
0 85215092
0 282265194
0 997690092
0 562724301
0 315285327
0 386988895
0 41230743
0 109355203
0 864947752
0 860372356
0 366663703
0 804146162
0 807329980
0 664786934
0 480647503
0 22209627
0 609688311
0 454237799
0 830934918
0 625160279
0 448262771
0 418691797
0 624810733
0 39925562
0 815054919
0 116288020
0 900688396
0 590435426
0 82306063
0 568282474
0 994299275
0 70251297
0 585909270
0 835334253
0 754169843
0 466975741
0 283906783
0 532132757
0 653657675
0 190374671
0 660252983
0 314713107
0 342785822
0 390252507
0 762373546
0 9973693
0 175980652
0 857024178
0 42293633
0 765708666
0 61413835
0 724810856
0 981911820
0 186561072
0 908709242
0 386494648
0 989604796
0 691636206
0 773694242
0 269279312
0 404921373
0 380439921
0 949722121
0 209468115
0 747932549
0 195391729
0 762394468
0 635889448
0 57878569
0 782388329
0 149398047
0 108407153
0 733894877
0 983807479
0 131001073
0 617680420
0 735023904
0 706014869
0 408576703
0 859839893
0 699561276
0 604512252
0 634111354
0 436694610
0 580744105
0 577938196
0 225274628
0 228966759
0 313590778
0 741187605
0 228391388
0 619071414
0 67115842
0 332834002
0 965287854
0 174432037
0 825501611
0 84722968
0 997316576
0 407503765
0 385574244
0 441421684
0 761546072
0 237814777
0 148056817
0 366298344
0 343879329
0 841035566
0 574834960
0 377089213
0 497925155
0 42443368
0 180229001
0 778302333
0 376163101
0 462298058
0 982326872
0 691828397
0 161212671
0 621375423
0 250399119
0 227887823
0 487038986
0 757175903
0 353739972
0 757467132
0 839741599
0 871503071
0 953650311
0 349761910
0 758630279
0 839183484
0 868267948
0 30273062
0 561166361
0 254773996
0 744392462
0 628992014
0 564376434
0 676079100
0 789542658
0 335688466
0 977517673
0 863744986
0 344935497
0 306038770
0 154296266
0 758167002
0 528054375
0 991398015
0 850582340
0 346469985
0 498845149
0 503622992
0 731417090
0 946772415
0 11891743
0 571817113
0 886965639
0 211292709
0 608257679
0 233768717
0 577768
0 92475061
0 464284692
0 253415014
0 673309599
0 647396610
0 940057315
0 696422341
0 421717028
0 800126291
0 994018564
0 227512316
0 168241103
0 877189316
0 78872287
0 429158907
0 122689410
0 612871313
0 429682440
0 19665146
0 649611921
0 379117148
0 357001903
0 531233280
0 374434423
0 282729269
0 702954529
0 779336235
0 163820522
0 879224021
0 105876240
0 521405378
0 350906120
0 206029631
0 906264210
0 499229815
0 344717813
0 193000211
0 997090990
0 772296719
0 519847780
0 353422618
0 441249023
0 220268883
0 110352229
0 296537543
0 967779411
0 841856486
0 221323713
0 387937866
0 48343344
0 678183651
0 756145284
0 60084039
0 587127082
0 833797975
0 41044791
0 280284051
0 239375807
0 136802617
0 259225610
0 672319121
0 86342564
0 643348340
0 459893318
0 42773000
0 998184102
0 380415061
0 448663957
0 176009529
0 466154646
0 88810974
0 390289477
0 692571695
0 769255102
0 78339482
0 98677850
0 732918383
0 927754198
0 808693890
0 930153422
0 810360227
0 526256476
0 712373902
0 405043745
0 494936948
0 570648864
0 930803316
0 514119880
0 354933152
0 996743634
0 573039821
0 76981073
0 242721400
0 563409577
0 758528954
0 673706202
0 68931751
0 202604472
0 593688008
0 32971489
0 699020394
0 916071799
0 541665002
0 749934767
0 239997285
0 533427422
0 238913735
0 42506542
0 548271452
0 473344862
0 72099831
0 502644722
0 549177144
0 808951719
0 132229096
0 306716691
0 438618802
0 771063173
0 244104408
0 187877378
0 609056980
0 761797905
0 325464793
0 392614024
0 341541478
0 864691294
0 187882884
0 79504457
0 411306957
0 725179456
0 641138991
0 558805214
0 911900101
0 815957214
0 619878688
0 826338101
0 278538631
0 247484763
0 813670494
0 513141253
0 840715548
0 472925826
0 230295597
0 864351564
0 987209456
0 850895184
0 79235917
0 313411852
0 771166422
0 524694618
0 918644000
0 368401069
0 45784124
0 339856912
0 740336535
0 710678688
0 816416131
0 602682465
0 743239161
0 58206221
0 463485600
0 891661834
0 961926070
0 788635804
0 621619265
0 291540490
0 885304283
0 4002835
0 927323952
0 944040088
0 588814310
0 508962244
0 349373699
0 37981647
0 670839138
0 554406835
0 997005423
0 1789144
0 710634311
0 134602201
0 609454520
0 157425350
0 675463545
0 616769224
0 141174498
0 101699091
0 748328978
0 76172162
0 937292574
0 732755128
0 832244467
0 724242346
0 590345929
0 838845379
0 777614669
0 607711259
0 853294141
0 290797709
0 126988418
0 335985489
0 179231754
0 690303283
0 522534094
0 522082764
0 811909722
0 589516798
0 900559308
0 708694129
0 144605679
0 432084629
0 403235385
0 882700396
0 147878519
0 580765897
0 993913173
0 910137764
0 63140245
0 368468667
0 667910385
0 795190048
0 799951115
0 998571409
0 312680986
0 585780397
0 431055649
0 476674552
0 362430989
0 363824770
0 1017847
0 29249622
0 572116317
0 615100657
0 360426355
0 555379100
0 143300888
0 217123486
0 206616151
0 468800425
0 901656886
0 673892066
0 224937109
0 937487683
0 693464355
0 50728946
0 172848671
0 669211296
0 825490711
0 152323091
0 850684599
0 596280630
0 470605111
0 925907732
0 259285150
0 70095418
0 130100833
0 822126157
0 317925347
0 389234446
0 552301581
0 879051521
0 408460028
0 781941885
0 473589315
0 680579818
0 317383039
0 68791651
0 480763185
0 227828874
0 875397928
0 481157672
0 582184875
0 701710977
0 665647657
0 499866360
0 699576950
0 758420732
0 686762352
0 407235723
0 935180599
0 767604867
0 143184533
0 724935233
0 589648757
0 878365699
0 362580645
0 863620329
0 248555424
0 745908975
0 513428699
0 198406036
0 545665308
0 656726066
0 885905474
0 890404317
0 967072455
0 377141361
0 522119184
0 182770534
0 289116939
0 106758981
0 227994915
0 729845037
0 611041764
0 310980340
0 459797057
0 366036317
0 68250255
0 129310369
0 473532073
0 399861230
0 71000057
0 511193662
0 105369213
0 46792207
0 842135454
0 564224624
0 99637025
0 77649460
0 491023879
0 481162527
0 187783464
0 251979318
0 510856799
0 6200764
0 398364688
0 953438099
0 675732660
0 156154904
0 330499930
0 656814155
0 607182604
0 100017380
0 829819936
0 977553113
0 391906591
0 96648349
0 484238375
0 886240569
0 323501727
0 337553620
0 925131588
0 864930959
0 321812813
0 418465953
0 141025829
0 749510466
0 541493093
0 261118030
0 128921112
0 77267327
0 137113950
0 564794190
0 742471312
0 617447735
0 811050781
0 819804176
0 293647022
0 680435337
0 739955270
0 494484113
0 27221952
0 456605464
0 813521464
0 58553700
0 622818243
0 202081006
0 744086112
0 236185044
0 273433010
0 737611705
0 333297736
0 256606232
0 889787305
0 824391925
0 122485860
0 983310938
0 737790921
0 932212580
0 716557836
0 820504275
0 177637335
0 848016156
0 612785170
0 175126476
0 756191852
0 410074917
0 590586618
0 608020000
0 478477540
0 93892894
0 281442257
0 254402409
0 35374073
0 847793115
0 734435058
0 488256127
0 774195439
0 666853993
0 708921967
0 766563145
0 380565044
0 136870677
0 857211
0 727181278
0 143295909
0 613871279
0 89862320
0 596996233
0 949888284
0 672268590
0 903872258
0 408952782
0 718750498
0 300920651
0 910652996
0 332510745
0 718600317
0 776173076
0 760699796
0 584674344
0 682773403
0 255195268
0 618115339
0 484633924
0 603213294
0 812373504
0 589078919
0 328681591
0 771027907
0 787488390
0 723748242
0 185810424
0 119751191
0 682398586
0 312466411
0 65495946
0 819507178
0 507949778
0 55355576
0 421468417
0 333844601
0 137650535
0 382377917
0 735485715
0 25168381
0 883329147
0 605651193
0 232038704
0 609004951
0 987406643
0 875242590
0 547161466
0 958469968
0 814378929
0 820656012
0 473376947
0 781686797
0 163716818
0 822951277
0 235506759
0 256111548
0 939272431
0 880203697
0 949866633
0 832620034
0 188457496
0 313364619
0 875712329
0 762172334
0 691874098
0 932865669
0 379827473
0 964679058
0 744993743
0 332179413
0 618218391
0 717712078
0 333785248
0 385047250
0 914600185
0 242013684
0 521378381
0 318246115
0 493351007
0 670321576
0 732248392
0 504274355
0 331161522
0 23324099
0 738136250
0 154685425
0 592717679
0 620204735
0 346921811
0 349714726
0 736646319
0 269644260
0 136366373
0 709765380
0 977314748
0 923005677
0 80995952
0 363000127
0 212727799
0 452531052
0 52947083
0 971206017
0 667759612
0 119509024
0 107725024
0 169754966
0 528285055
0 536836131
0 498822904
0 194635669
0 106095755
0 45447471
0 870806888
0 69039207
0 872993794
0 140780265
0 348186128
0 816835469
0 499087988
0 548990836
0 437902159
0 68562644
0 838953386
0 793163018
0 98775892
0 453221676
0 799842943
0 104354723
0 897748986
0 834402422
0 367761867
0 175036480
0 192091151
0 712504044
0 17686764
0 412380243
0 920373814
0 784197961
0 687735074
0 1900643
0 682661653
0 109845403
0 164766070
0 882744638
0 28708800
0 255321903
0 426370705
0 276360402
0 177043981
0 99548949
0 685153336
0 624378517
0 705039280
0 814825208
0 984092056
0 739626839
0 989816779
0 852495632
0 559994512
0 659537136
0 461077218
0 639215702
0 503466698
0 542272514
0 682317362
0 445049952
0 790268856
0 717221767
0 388082493
0 212990746
0 766913300
0 8839951
0 843776647
0 2004539
0 454359057
0 626051173
0 41809857
0 16855995
0 347000559
0 246000654
0 449725071
0 29954011
0 219241255
0 517017109
0 299597770
0 911669202
0 345972932
0 769748212
0 663829828
0 579011729
0 355988398
0 539558900
0 316181692
0 705699510
0 465827403
0 380491116
0 791367237
0 637454892
0 580046639
0 772829938
0 976644179
0 189348295
0 21754194
0 997976539
0 644293147
0 844747920
0 438514772
0 657639082
0 432592813
0 629662843
0 569031409
0 377453612
0 953688241
0 83949206
0 539526464
0 980874885
0 308622840
0 607087205
0 925467263
0 288021790
0 987226886
0 258478866
0 115632464
0 785542535
0 874539862
0 149128338
0 629811786
0 573242819
0 278490828
0 552026605
0 838642754
0 915335692
0 935163504
0 581918493
0 802650037
0 485365618
0 612608574
0 167756609
0 352158576
0 787477237
0 71949138
0 23561925
0 82361149
0 480720406
0 349390421
0 379183888
0 87142945
0 815979897
0 895771383
0 152010357
0 980884235
0 790345605
0 448548938
0 594379132
0 177140230
0 300283372
0 454439231
0 703609408
0 811013420
0 824281631
0 823782913
0 358874225
0 825482819
0 374094146
0 133101293
0 115237652
0 150358132
0 102621350
0 764993834
0 901884018
0 677556124
0 208485220
0 216623660
0 54529670
0 783410792
0 135513917
0 321449941
0 39450496
0 151861132
0 412319219
0 39898391
0 957227794
0 284706788
0 85428744
0 666792848
0 4967534
0 836415196
0 810352209
0 179410359
0 236805381
0 911351171
0 349371859
0 51045500
0 445957548
0 449216204
0 662562526
0 550497343
0 5130880
0 407479577
0 857587385
0 976102844
0 284881572
0 31149583
0 807704726
0 499387967
0 392085491
0 221555340
0 175192313
0 435778352
0 274518069
0 787201546
0 870467661
0 686762089
0 206010595
0 335658942
0 708502316
0 849046419
0 944375362
0 854257800
0 843377189
0 858277517
0 656056796
0 685045954
0 363755223
0 847814327
0 71858051
0 717909944
0 583239630
0 195112224
0 57144149
0 526591455
0 647225181
0 923603154
0 756140362
0 496841350
0 608689169
0 678415049
0 301342805
0 60810908
0 882521538
0 433132247
0 120538433
0 58761112
0 328127616
0 226326222
0 314857318
0 427089584
0 984247234
0 423848921
0 34959130
0 258741964
0 70268982
0 140526655
0 930999428
0 444305923
0 566867510
0 672638431
0 227344785
0 842187919
0 722854953
0 459816801
0 662913016
0 809839411
0 274125471
0 11712849
0 818648275
0 548046257
0 788239567
0 13990293
0 740336746
0 723425177
0 69060508
0 179880832
0 560935759
0 817246448
0 698324190
0 476210345
0 385937650
0 434669761
0 417452888
0 286978370
0 26738451
0 496552305
0 604979807
0 363020288
0 310806620
0 861614844
0 768507134
0 134272357
0 207507028
0 405976358
0 179007440
0 59832279
0 646473487
0 459160769
0 433154994
0 190041282
0 637798828
0 881794156
0 334828956
0 850754399
0 737374793
0 445576522
0 248364358
0 833856650
0 735320394
0 343921314
0 857338289
0 588748649
0 207089321
0 911786230
0 389858424
0 371426454
0 758907286
0 379762048
0 238566073
0 864909921
0 682576962
0 963611297
0 257118092
0 182058016
0 335088051
0 965118795
0 190507917
0 334057709
0 693372995
0 53422470
0 927447845
0 209047653
0 138125569
0 109697501
0 833991283
0 257172119
0 256506351
0 7427401
0 879798738
0 158135535
0 43775807
0 894771539
0 821336904
0 975066264
0 918433062
0 838819876
0 173632533
0 12734495
0 455983712
0 728154502
0 928712694
0 131445359
0 292141678
0 359707958
0 428101364
0 517440589
0 158054238
0 890831382
0 691561972
0 694659006
0 19433800
0 956647371
0 282460647
0 949804012
0 16566225
0 348237397
0 828129523
0 638055591
0 125956231
0 315927177
0 366315827
0 270851383
0 419295049
0 599175010
0 816536140
0 21623278
0 422068073
0 260485578
0 776854053
0 264379916
0 900081367
0 484277879
0 723473615
0 320183007
0 70523741
0 690985492
0 505892585
0 49694385
0 851573683
0 295083161
0 118705941
0 710607822
0 895998433
0 417442382
0 594372843
0 340742673
0 610367036
0 615504734
0 350561087
0 516087140
0 308309527
0 905288372
0 876486837
0 321913233
0 535052274
0 579463932
0 853932471
0 68856123
0 269076739
0 910639541
0 774194677
0 721660393
0 297909347
0 516053277
0 214418002
0 78926379
0 222886317
0 335892952
0 322354537
0 65306831
0 737078294
0 909451339
0 529722696
0 884116250
0 870072818
0 884683094
0 275146210
0 429205569
0 632694368
0 261234329
0 959184330
0 62064660
0 326473365
0 488655509
0 623738771
0 45858926
0 984092007
0 905454860
0 611376544
0 507038589
0 47407281
0 859706296
0 58690818
0 69747573
0 290692737
0 795140113
0 405230678
0 749365582
0 395679261
0 900671
0 741726564
0 791786869
0 220349525
0 599590610
0 750064370
0 538349621
0 890204837
0 387903687
0 27094232
0 137697970
0 779077595
0 374794914
0 176617569
0 577190329
0 23445612
0 62312006
0 36275836
0 622562237
0 460128289
0 796171424
0 516202675
0 516413001
0 340247098
0 384614326
0 634895789
0 864376864
0 693634349
0 233926173
0 191492890
0 460038418
0 197131041
0 626403999
0 405454490
0 542543543
0 307804274
0 444964040
0 291967176
0 32999863
0 151773768
0 168887559
0 698554741
0 191750613
0 842138013
0 586133205
0 577576854
0 151338682
0 700996808
0 925988602
0 818229465
0 238600446
0 469193762
0 285711242
0 760766270
0 673969270
0 188027790
0 597848911
0 159809387
0 414079908
0 799930316
0 685747643
0 837211840
0 608702868
0 567055460
0 721843897
0 525412255
0 663900183
0 251860434
0 789205438
0 259984542
0 871085548
0 542591893
0 42228599
0 621529373
0 956218041
0 784297694
0 672586931
0 321145146
0 793669466
0 209949476
0 484220875
0 420398485
0 108917832
0 123670082
0 898640327
0 113624232
0 914366770
0 274584496
0 566330532
0 873066778
0 59598088
0 477084766
0 688731524
0 273015043
0 608515294
0 33522153
0 883564438
0 340929469
0 811551049
0 673712367
0 689129850
0 141851980
0 219124815
0 932068394
0 846386370
0 368413842
0 519945096
0 340712509
0 964900475
0 810975955
0 442335317
0 439300137
0 928236466
0 448586323
0 969333285
0 450814546
0 551071467
0 243357826
0 103322698
0 669854499
0 956854207
0 336509700
0 340648534
0 77041489
0 171820757
0 186782083
0 664447214
0 507482620
0 601047570
0 274738641
0 611398142
0 679048533
0 676917275
0 908622184
0 299552332
0 413106918
0 500939923
0 890919816
0 322322156
0 492016478
0 343670490
0 546213991
0 793756188
0 639682538
0 592284168
0 390666222
0 933547522
0 913178297
0 883355284
0 987723067
0 743254963
0 535709452
0 734656620
0 419970613
0 77025772
0 25501948
0 947812382
0 562649590
0 528595915
0 611887317
0 575850490
0 388329904
0 941108862
0 191699152
0 333990952
0 105530637
0 514725966
0 658915931
0 827637157
0 303529646
0 93467747
0 625365442
0 642751380
0 804895893
0 234875038
0 414934820
0 344956796
0 943179229
0 822163938
0 493094111
0 518835723
0 912440755
0 283817824
0 39987991
0 171342058
0 471134877
0 453593383
0 361570594
0 494548282
0 356070931
0 364373261
0 825582909
0 329443908
0 587532069
0 521809926
0 579855294
0 363364485
0 773810908
0 226182641
0 612483390
0 92375929
0 804819041
0 702532728
0 324359235
0 291394650
0 192048544
0 450416153
0 17679360
0 434249121
0 287624842
0 803729524
0 463762445
0 861455886
0 660554608
0 798674798
0 381150147
0 934379831
0 282342496
0 268271233
0 667557951
0 304328200
0 726616190
0 158293738
0 851262336
0 358300740
0 327223663
0 340970826
0 854487886
0 474666009
0 858981491
0 525883360
0 220910685
0 759605710
0 846138328
0 488291020
0 889581063
0 953256641
0 172473104
0 556558558
0 873398205
0 734924241
0 509150333
0 346930049
0 667153802
0 153917848
0 838209063
0 688750376
0 253969094
0 745495546
0 687782096
0 387510016
0 186689403
0 665032124
0 550463857
0 226868056
0 363494705
0 532946633
0 46658453
0 795811701
0 368012930
0 929909094
0 94628010
0 286991541
0 315008627
0 374938331
0 831089571
0 284681964
0 816366122
0 654839167
0 591213084
0 763136748
0 714048978
0 346052407
0 383442853
0 99074743
0 903201687
0 279209456
0 459597854
0 675016478
0 681569835
0 498427491
0 773630657
0 824025183
0 513797502
0 308366548
0 211100073
0 400621786
0 648860614
0 366771169
0 457810629
0 688991440
0 191302061
0 412159934
0 814614309
0 531587330
0 732897754
0 187213492
0 830634035
0 676309223
0 880090569
0 418952037
0 88373692
0 557458245
0 635514121
0 479593484
0 723721768
0 408553040
0 661013795
0 241294983
0 231983052
0 599573453
0 799757783
0 709770766
0 840955790
0 185362382
0 101368438
0 220587246
0 728709047
0 315852421
0 156709955
0 802304650
0 337463897
0 326968236
0 510435425
0 926400470
0 591664394
0 939741222
0 614420379
0 280015114
0 64428987
0 651608620
0 868992982
0 351815836
0 932839324
0 344749326
0 495980094
0 593088334
0 812632122
0 31781962
0 932908136
0 986703501
0 172110466
0 474001076
0 624859241
0 467614406
0 879112465
0 40750587
0 395932420
0 75211425
0 154776217
0 829687106
0 343985894
0 932897829
0 360208580
0 303104553
0 501788904
0 650500887
0 816972087
0 22662597
0 630622356
0 73338030
0 202868364
0 390240080
0 181083546
0 349936006
0 646903994
0 295779308
0 975210851
0 643977844
0 969402289
0 573084750
0 199632
0 140976254
0 54679904
0 166602654
0 736529322
0 923189763
0 47484076
0 967359971
0 567614214
0 130265760
0 151872992
0 531179281
0 213957901
0 858614452
0 960333343
0 163824277
0 126476050
0 370250713
0 885779553
0 169600510
0 879103012
0 526114221
0 24341805
0 933721123
0 396581308
0 988527506
0 567629136
0 461521420
0 673461191
0 284070536
0 622138449
0 385014890
0 656447338
0 66285212
0 959417583
0 955445320
0 519418419
0 961686154
0 551025680
0 826556130
0 704849225
0 832224434
0 879621373
0 246078337
0 354898589
0 705320128
0 447641821
0 859012708
0 917989564
0 766874918
0 987095713
0 366571520
0 192683076
0 139397411
0 887800606
0 245432698
0 214210460
0 438387380
0 685947436
0 534952874
0 76874494
0 493515296
0 327470452
0 85235496
0 746059192
0 973961353
0 484417445
0 948329511
0 499431626
0 857082615
0 722875221
0 923055959 0
0 885484783 0
1 534960899 0
0 998833402 0
1 137702283 0
0 142997505 0
0 591699645 0
1 38322379 0
1 590708431 0
0 228434349 0
1 983780877 0
1 966371596 0
0 651666523 0
1 172121624 0
0 767421415 0
0 546093241 0
1 411423035 0
0 302329022 0
1 174687530 0
1 168757730 0
0 397553880 0
1 782438702 0
1 216471457 0
0 440876518 0
1 292107252 0
0 614436664 0
0 552260009 0
1 929010901 0
1 685618043 0
0 39091263 0
0 184947274 0
0 51278696 0
1 91935549 0
1 762962808 0
0 960169907 0
0 386334622 0
0 926211296 0
1 552366474 0
0 740385675 0
1 917756592 0
1 323229527 0
1 744544852 0
0 242588247 0
0 726553192 0
0 534717128 0
0 701648199 0
1 112414717 0
1 591832019 0
0 918521607 0
0 573063567 0
1 512846565 0
0 488213474 0
0 994288802 0
0 863036780 0
0 505194568 0
0 897681258 0
0 471456395 0
1 162922029 0
0 250906122 0
0 36328543 0
1 398171448 0
0 879374819 0
1 404891054 0
0 898900124 0
0 171510726 0
1 222578293 0
0 280673466 0
1 210208646 0
0 991409844 0
1 193039609 0
0 486649267 0
1 700444099 0
0 438698787 0
0 652537652 0
1 813136261 0
0 847619802 0
1 935198196 0
0 184117414 0
1 489307706 0
1 507730186 0
1 878515941 0
1 587292045 0
1 78363062 0
1 64363721 0
1 516650947 0
0 342582700 0
1 188115171 0
0 973784675 0
1 911992186 0
1 357082088 0
1 614934200 0
1 488709561 0
1 873795026 0
0 408409856 0
1 90375924 0
0 668870304 0
1 846230521 0
0 964632063 0
1 57423103 0
1 818645050 0
1 277420596 0
1 297848289 0
0 424356426 0
1 253920191 0
0 890851709 0
0 385205617 0
1 710737613 0
1 137535913 0
0 255180472 0
0 411322756 0
1 55184909 0
1 71737260 0
0 642902680 0
1 416171991 0
1 912813259 0
1 124237647 0
0 956513850 0
1 483346548 0
1 785591497 0
0 200824273 0
1 451043189 0
0 844454222 0
1 478930868 0
1 319379995 0
1 184258683 0
1 966295257 0
1 907765825 0
0 557696487 0
0 820454305 0
0 470055696 0
1 259008765 0
1 210531499 0
0 522987608 0
1 862203729 0
0 990100695 0
0 513503659 0
0 628663268 0
1 142498303 0
0 762519391 0
0 594587363 0
1 702898657 0
1 911329304 0
1 647075609 0
1 299352217 0
1 176203088 0
0 847666628 0
0 181923750 0
1 220207272 0
1 378992687 0
1 796938739 0
1 777247796 0
0 314009053 0
0 531837696 0
1 508608744 0
0 721148561 0
1 583508939 0
0 868497770 0
0 814649974 0
0 894009781 0
0 627707891 0
0 555097637 0
1 51911818 0
1 914857136 0
0 382418253 0
0 358024076 0
1 51679947 0
1 981592281 0
1 795378439 0
0 886037849 0
1 70347438 0
1 899373645 0
1 303717515 0
0 497423072 0
1 280514646 0
1 324669043 0
0 583197813 0
1 189632951 0
1 938388145 0
1 402663253 0
0 743820807 0
1 993152215 0
1 909179774 0
0 358975146 0
0 871540681 0
1 848882072 0
0 188952756 0
1 803398525 0
1 315800055 0
0 428724628 0
0 300705012 0
0 283908420 0
1 940056359 0
0 338097685 0
0 612937014 0
0 131260886 0
0 648065011 0
1 971166605 0
1 508666029 0
1 466612781 0
1 372749613 0
1 705041240 0
1 620060062 0
1 485799869 0
0 295046445 0
1 565442010 0
0 492718425 0
1 763076287 0
0 316268116 0
1 27963579 0
0 2481964 0
0 86412647 0
0 105507883 0
0 856000667 0
1 713438627 0
1 141009863 0
0 644772432 0
0 565518270 0
1 954629663 0
1 860247557 0
1 129936372 0
0 954318862 0
0 1426453 0
1 516695836 0
0 415490901 0
1 918275054 0
1 723677311 0
0 130350558 0
0 740377268 0
0 883727186 0
0 418927916 0
0 701237186 0
0 418183092 0
0 530953323 0
0 210211716 0
1 141308604 0
1 309744481 0
0 12223043 0
0 437713377 0
1 171023126 0
1 145005860 0
1 997483774 0
1 566141643 0
1 33518053 0
1 641436484 0
0 378755852 0
1 151730599 0
1 322102264 0
1 303870684 0
1 401142847 0
1 497347064 0
0 904782145 0
1 915496563 0
1 67463070 0
0 924821647 0
0 147205197 0
0 651245798 0
0 265507677 0
0 661353391 0
0 891226207 0
0 131412957 0
1 433440126 0
0 475818068 0
0 843705716 0
1 321877764 0
0 950063952 0
0 937265284 0
0 827716408 0
1 325655786 0
1 241184090 0
0 350577593 0
1 406978080 0
0 120165245 0
0 940477653 0
0 636922274 0
1 181895452 0
0 937065146 0
0 650547750 0
0 651941906 0
0 454259957 0
1 62107996 0
0 508780411 0
0 845955135 0
0 487778849 0
1 480816686 0
0 267057542 0
1 47570047 0
1 834909815 0
0 188745418 0
0 965307701 0
1 187257659 0
0 278708215 0
0 92930423 0
1 122179079 0
0 27932477 0
0 692253210 0
1 407389506 0
0 154580179 0
0 942571620 0
1 511894235 0
1 452497542 0
1 267838485 0
0 918799189 0
0 898112975 0
1 397378697 0
0 578122894 0
1 97932310 0
0 917401277 0
0 881805276 0
1 423757596 0
0 565167263 0
1 285993724 0
1 936943022 0
0 283284968 0
0 364313029 0
0 553521222 0
1 527639596 0
1 305324577 0
0 56925305 0
1 376813873 0
0 226620077 0
1 365865225 0
0 580658070 0
1 848281654 0
1 334142490 0
0 190492597 0
1 384758388 0
0 134307082 0
1 724687738 0
0 195061823 0
1 143357158 0
0 524152726 0
0 477018897 0
1 684939471 0
0 404147244 0
1 496510175 0
1 781870877 0
0 744745605 0
1 577664017 0
1 258008471 0
1 20322951 0
1 4504533 0
0 426150719 0
0 26044583 0
0 685930953 0
0 349189244 0
0 339783401 0
1 824342900 0
1 266772796 0
1 402611174 0
1 380646758 0
1 518401148 0
1 846573855 0
0 652511948 0
1 142193521 0
0 988838235 0
0 945731507 0
0 133605707 0
1 157693599 0
0 570508260 0
1 258419908 0
1 282574233 0
0 301022497 0
1 420291613 0
1 884052803 0
0 757789730 0
1 312593549 0
0 5384609 0
1 540244260 0
1 981614895 0
1 220154483 0
1 193081035 0
1 444137353 0
0 188401700 0
0 38502831 0
0 548097173 0
1 716049010 0
0 250042030 0
1 278973082 0
0 5263836 0
0 678721410 0
0 277653588 0
1 974408219 0
0 57378106 0
0 590038006 0
1 706051185 0
1 776320159 0
0 437824246 0
0 210741184 0
0 778372122 0
0 701444792 0
0 343642601 0
0 605254726 0
0 803418557 0
1 966531474 0
0 56792802 0
0 234497792 0
1 910289878 0
0 571432200 0
1 460003546 0
0 685463102 0
0 204834769 0
0 901993984 0
0 958454943 0
1 485183452 0
1 124260017 0
1 342577919 0
0 976789944 0
1 27833976 0
0 166758114 0
1 675162460 0
1 335929168 0
0 161361585 0
1 657655049 0
0 989994921 0
0 73727829 0
1 892409368 0
0 814752709 0
1 242155127 0
1 765186246 0
1 790077111 0
0 38778882 0
1 755010210 0
1 394353063 0
1 397974363 0
0 700976878 0
1 532085118 0
1 183133088 0
0 164200458 0
0 958457704 0
0 161709957 0
1 923007633 0
0 807866867 0
1 88178714 0
1 415866006 0
1 619911646 0
0 88872172 0
0 273288615 0
0 738803385 0
0 540870418 0
0 507290463 0
0 920703754 0
0 987306511 0
0 241645562 0
1 124008610 0
1 377279123 0
1 357799349 0
1 567416152 0
0 163418733 0
0 222496050 0
1 833534313 0
1 866323025 0
0 101454904 0
0 812217566 0
0 713791500 0
0 988480341 0
1 454379837 0
0 579833312 0
0 950682122 0
0 779588351 0
0 277628230 0
0 718586463 0
1 766701669 0
0 119946720 0
1 419092769 0
1 838587432 0
1 444390342 0
0 695941590 0
0 606445924 0
1 74648502 0
0 904546270 0
1 918697312 0
0 514529069 0
1 358947401 0
0 493364288 0
0 852792910 0
1 628988267 0
1 65260237 0
1 729376352 0
1 72907139 0
0 337576560 0
1 476599502 0
0 352900848 0
0 43405176 0
0 360856450 0
0 974227792 0
0 589546759 0
1 749401167 0
0 762034234 0
1 705221017 0
0 840809708 0
0 265310001 0
0 5869846 0
1 121100297 0
0 764819505 0
0 405594450 0
0 464292277 0
1 920445524 0
1 602836685 0
1 408957383 0
1 969027721 0
1 850912240 0
0 137624526 0
0 299994953 0
1 770709861 0
1 214650897 0
1 304820401 0
0 141709154 0
0 802870696 0
1 877912259 0
1 128521261 0
0 511506784 0
0 243942456 0
0 412605274 0
0 128146404 0
0 329551135 0
0 950058823 0
0 312745672 0
1 267841971 0
0 392459937 0
0 913230865 0
1 386506480 0
0 467324961 0
0 681692640 0
1 191753554 0
0 615550569 0
1 403961925 0
0 243568681 0
1 196327262 0
0 27611551 0
1 468111068 0
0 526935092 0
1 878664427 0
0 61596193 0
1 907509711 0
1 242118928 0
1 252926269 0
1 141714811 0
0 566332709 0
0 526140845 0
0 535153295 0
1 986882970 0
1 4809176 0
1 333220811 0
1 714115208 0
1 775683122 0
1 913076219 0
0 450143635 0
0 102205289 0
1 104675000 0
0 832390626 0
1 89173229 0
1 493442908 0
0 256659736 0
0 559310514 0
1 470124921 0
0 175073907 0
1 333079312 0
1 450880427 0
1 568034429 0
1 292770927 0
0 109432639 0
1 98440580 0
1 471974066 0
0 331005347 0
1 491137828 0
0 743060946 0
1 396931034 0
0 85490012 0
1 778611440 0
1 347320969 0
1 967479185 0
0 818556592 0
0 506802660 0
1 23315007 0
0 952577608 0
1 232760292 0
1 554047966 0
1 947389684 0
0 340063170 0
1 562250136 0
1 154539502 0
0 253543082 0
1 405150678 0
1 53016749 0
1 993414000 0
1 469612149 0
0 916647506 0
0 873820630 0
0 194769249 0
1 875889852 0
0 672871002 0
0 654303768 0
1 378330822 0
1 348907712 0
1 363082971 0
1 520913884 0
0 740520299 0
0 171507867 0
0 848836160 0
1 53080726 0
1 316582688 0
0 847401841 0
1 666609021 0
1 436255782 0
1 795206707 0
0 75340238 0
1 92974132 0
0 820791800 0
0 224434481 0
1 32006107 0
0 824775481 0
0 509660967 0
1 749456211 0
1 25480007 0
1 207245358 0
0 998070336 0
1 623390061 0
0 871776638 0
1 540989788 0
0 426831748 0
1 105298457 0
1 724240488 0
0 838700282 0
1 730549840 0
0 144015092 0
0 616613700 0
0 60252073 0
1 139477552 0
0 56939664 0
0 240588368 0
1 206913985 0
1 774233361 0
1 338050289 0
1 120316530 0
0 870699024 0
0 413320849 0
0 586089417 0
1 834873360 0
0 843174260 0
0 250185903 0
0 525198911 0
0 65308485 0
1 195236364 0
0 568865976 0
1 888646006 0
0 161149693 0
0 134259914 0
1 895294853 0
1 110549920 0
1 578966733 0
1 521485114 0
0 404099569 0
1 75902971 0
0 367799627 0
0 561141480 0
0 807311436 0
0 579480053 0
1 88262678 0
1 759256981 0
0 59157128 0
0 680219948 0
0 969617500 0
1 124986840 0
0 546019531 0
1 713832527 0
0 291756951 0
0 394358546 0
1 834288876 0
0 34601259 0
1 164330417 0
0 405088369 0
0 263269965 0
0 875793726 0
0 366392346 0
1 317571033 0
1 163954089 0
0 940564669 0
0 713126694 0
1 449889944 0
1 94181408 0
0 885346805 0
0 843704307 0
0 596641503 0
0 336011557 0
0 909240425 0
0 887710484 0
1 730211170 0
0 503994841 0
0 691743851 0
1 834827301 0
1 235541824 0
1 701462532 0
0 798163904 0
1 473188500 0
0 179666443 0
1 90887688 0
0 489479449 0
1 681294443 0
1 104101065 0
1 361014578 0
0 249655825 0
1 207852387 0
1 109754186 0
0 303430958 0
0 869187117 0
1 630442131 0
0 257036940 0
1 767900134 0
1 846138039 0
0 854437560 0
1 939866829 0
0 637157554 0
1 5682078 0
1 965167308 0
1 854307751 0
0 714923051 0
1 855252374 0
1 585130137 0
1 424770565 0
1 856081573 0
0 995393035 0
0 527478846 0
1 764998926 0
1 159102284 0
0 660649160 0
0 794574796 0
0 174464906 0
1 780612153 0
1 663334935 0
0 951629811 0
1 431560219 0
1 125535783 0
1 823220560 0
0 715102691 0
1 807321057 0
1 148225933 0
0 754116846 0
1 501105854 0
0 754491831 0
0 193250200 0
1 670770525 0
0 484192790 0
1 891651960 0
1 932601596 0
1 61576440 0
0 996481861 0
1 56015985 0
0 343342488 0
0 95319680 0
0 589426562 0
1 579434049 0
1 130568625 0
1 972090549 0
1 713245766 0
0 432246530 0
1 8856194 0
0 534034578 0
0 136100823 0
1 470582369 0
0 903118447 0
0 104204157 0
1 840054899 0
0 610073000 0
0 163035649 0
0 957970081 0
1 708509184 0
1 961953443 0
1 875798738 0
1 794704558 0
0 439850861 0
0 598439781 0
0 880822532 0
1 951409311 0
0 613649350 0
1 846677126 0
0 431979383 0
1 15266878 0
1 245298379 0
0 683495033 0
1 817559000 0
0 468590898 0
1 65192265 0
0 289893685 0
1 476075768 0
1 260440752 0
0 340985664 0
1 851119866 0
1 906326476 0
1 878807717 0
1 87730950 0
1 801709756 0
1 641933184 0
1 127813108 0
1 458831418 0
1 613957370 0
1 129379989 0
1 223025141 0
0 793929328 0
1 691873487 0
1 92930038 0
0 111118549 0
0 649285490 0
0 255748530 0
1 816917633 0
0 556629159 0
1 955394753 0
0 934038865 0
1 505843441 0
0 903957842 0
0 131690378 0
0 931671652 0
0 822823021 0
0 26431650 0
0 54071665 0
1 836092417 0
1 149742901 0
1 152605484 0
1 539836497 0
1 446437678 0
1 499687390 0
0 54390870 0
0 897902969 0
0 285531723 0
0 570166876 0
1 919703387 0
0 580876884 0
1 694554852 0
1 150854447 0
1 191829119 0
1 259749414 0
1 215116300 0
0 547568335 0
0 190791203 0
0 489929243 0
0 149415604 0
1 580576423 0
1 705701191 0
0 506528405 0
0 607040265 0
1 202633534 0
1 152979028 0
1 35069807 0
0 814090136 0
0 977174370 0
1 213480333 0
1 794368896 0
0 843935216 0
1 392791767 0
0 432463340 0
1 524913582 0
1 697954963 0
1 248457624 0
0 468202329 0
1 393615494 0
0 580222508 0
0 114065338 0
1 895905304 0
0 431323517 0
1 138756529 0
1 603818610 0
1 566677209 0
0 895360190 0
1 497126679 0
0 661245176 0
1 756343233 0
0 557529134 0
0 8835263 0
1 789293922 0
1 948682144 0
0 560444318 0
1 641410484 0
0 234018697 0
0 862463034 0
1 320415368 0
1 932449440 0
0 858677418 0
1 665616725 0
1 541605983 0
0 46520289 0
1 362309656 0
1 479665895 0
0 223691395 0
1 189957053 0
1 940346879 0
0 3940858 0
1 307910877 0
1 279434739 0
1 974802590 0
1 978791520 0
0 725606699 0
0 25609770 0
0 108888345 0
1 575685163 0
1 228894772 0
0 633599656 0
1 851407766 0
0 807075269 0
1 158100493 0
0 95168937 0
0 272978149 0
1 834260296 0
0 62577583 0
0 341071638 0
0 935094096 0
0 313693658 0
1 683122713 0
0 690676977 0
1 567262806 0
1 448411109 0
1 123774435 0
0 257620070 0
0 732382923 0
0 211512945 0
1 51781188 0
0 871225448 0
1 107258226 0
0 835793303 0
1 630327513 0
1 688957047 0
0 315766358 0
0 198701840 0
0 364867393 0
0 489348521 0
0 233793238 0
1 245149016 0
1 613289192 0
0 116556918 0
0 633088642 0
0 632014144 0
1 431869386 0
1 154213762 0
0 650956858 0
0 5012897 0
1 525031338 0
0 681041498 0
0 885296241 0
1 721617967 0
0 191909477 0
1 829408688 0
0 989095169 0
1 667288602 0
0 14888338 0
1 976009548 0
0 698790341 0
1 236505582 0
1 86214812 0
1 946426080 0
1 177053504 0
0 772481577 0
0 211144699 0
0 436382993 0
0 382472352 0
1 878561372 0
0 777835128 0
1 738011230 0
0 276578022 0
0 517839833 0
0 938336766 0
1 327482975 0
1 448462839 0
0 294078099 0
0 708072641 0
0 744143982 0
1 909370576 0
1 169567542 0
1 702927212 0
1 734003272 0
1 539403828 0
1 632982717 0
1 582713320 0
1 594257692 0
0 314889267 0
1 138356445 0
1 331614525 0
0 233883726 0
0 722112262 0
0 131290258 0
1 15888343 0
0 563240742 0
0 435970846 0
0 539807732 0
0 425415698 0
0 375827430 0
0 247643331 0
0 143997632 0
0 46885879 0
1 655795343 0
1 442468972 0
0 609047214 0
0 728560608 0
1 691512471 0
1 417044210 0
0 3777764 0
1 474726801 0
0 440123448 0
1 439744001 0
1 914236565 0
1 264273564 0
0 291912862 0
0 770528721 0
0 536846936 0
1 89413379 0
1 214908708 0
0 766171327 0
1 568795036 0
0 808776031 0
1 934857786 0
1 205520308 0
1 753462820 0
0 601211269 0
0 938244828 0
0 595828184 0
1 893689533 0
0 390229079 0
0 709573695 0
1 218824338 0
1 635296609 0
1 116194013 0
1 301737948 0
1 79455370 0
0 918052251 0
0 906474883 0
1 99064773 0
0 841398508 0
0 182415082 0
0 141184561 0
0 306046878 0
1 93431695 0
1 697782416 0
0 461187465 0
1 714836609 0
0 704263820 0
0 725059897 0
0 535999332 0
1 994384609 0
1 152111306 0
1 320312620 0
0 78856218 0
0 662267642 0
1 177785511 0
0 57764471 0
1 134745551 0
0 507799614 0
1 900580679 0
1 538287736 0
0 90184991 0
0 652230712 0
0 699874169 0
1 748511104 0
0 14808676 0
1 198732199 0
1 313010281 0
0 577597768 0
1 44326053 0
1 33922098 0
1 967616209 0
1 885829460 0
0 376754968 0
0 778707043 0
1 219007839 0
0 517180674 0
1 170451344 0
1 76192829 0
1 502435434 0
0 205739226 0
0 35272546 0
1 715650650 0
1 371910600 0
0 534397897 0
1 307299532 0
1 645652935 0
1 194290879 0
1 897814139 0
0 871488135 0
0 39490769 0
0 913271819 0
0 292912705 0
0 321354717 0
1 362559999 0
0 540435574 0
1 572809969 0
0 73154127 0
1 977291011 0
0 479040571 0
0 865152657 0
1 922373865 0
1 256713154 0
1 115474236 0
0 565226394 0
1 231852034 0
1 828656612 0
1 965140485 0
0 398968779 0
0 286117858 0
1 868821199 0
0 564388278 0
0 793141081 0
1 922840871 0
1 9938582 0
1 500556884 0
0 610425249 0
0 329311346 0
0 991833815 0
0 291977990 0
0 920761714 0
1 130866638 0
1 940791686 0
0 578021906 0
0 836013489 0
1 197463095 0
0 328491204 0
1 845381618 0
1 981256479 0
0 190809559 0
0 83044553 0
0 657319642 0
0 319783527 0
0 802976251 0
1 528533383 0
0 689601646 0
1 282616060 0
0 833314288 0
1 445064455 0
1 558422468 0
0 617712990 0
0 778915199 0
0 564324431 0
1 885000654 0
0 237835672 0
1 939228841 0
0 205456050 0
1 937134496 0
0 875184888 0
1 435039277 0
0 429183963 0
1 923748271 0
1 209624629 0
0 605635847 0
0 84505731 0
1 365975620 0
1 456294492 0
0 424247375 0
0 426588554 0
1 893102100 0
1 694645757 0
1 463875217 0
1 275428032 0
1 480081212 0
0 293639097 0
0 843397044 0
1 900163951 0
1 89388856 0
0 894421152 0
1 484255366 0
1 178031788 0
1 474206576 0
1 281251298 0
1 180046302 0
1 302324064 0
0 473798929 0
0 743814096 0
1 273720856 0
1 287773716 0
0 46967232 0
1 176536296 0
1 926569598 0
0 818599339 0
1 685398132 0
0 448025405 0
0 389851041 0
1 797320308 0
0 438674673 0
1 267154246 0
0 124653402 0
0 148202037 0
0 440778926 0
1 199029771 0
0 927096755 0
0 242844738 0
0 399850003 0
1 990986818 0
0 256757066 0
1 311308801 0
1 384734464 0
0 631635406 0
1 225543924 0
1 94638939 0
1 387585613 0
0 336406883 0
1 701915606 0
0 902966280 0
1 480739217 0
1 429876544 0
1 909801057 0
1 904179353 0
1 588082254 0
0 356515656 0
1 120377519 0
0 958586128 0
1 527862966 0
0 27223701 0
0 30362861 0
0 596791817 0
1 656497153 0
0 548420182 0
0 296036777 0
1 827755127 0
1 446772718 0
0 439929641 0
0 726956225 0
1 101393317 0
1 97231034 0
0 280668536 0
0 51101069 0
0 917272767 0
1 668872970 0
0 819675274 0
0 364918864 0
0 601430027 0
0 782411342 0
1 758354544 0
0 571594006 0
0 911790083 0
0 182395759 0
0 735391554 0
1 818319380 0
0 404916682 0
0 54710073 0
1 563752685 0
0 213874190 0
0 828248940 0
1 562186849 0
0 393220996 0
0 651729404 0
0 248166185 0
0 827242399 0
0 913361027 0
0 151188851 0
0 464772783 0
0 603741475 0
0 90342246 0
0 15342658 0
0 273911087 0
0 417792456 0
1 600527024 0
1 461592250 0
0 44655379 0
1 337049206 0
0 935708978 0
1 796438997 0
1 670598936 0
0 399646116 0
0 343338938 0
0 763745473 0
1 527422828 0
0 492644802 0
0 726360738 0
1 500189413 0
0 787318955 0
1 429285239 0
0 19625094 0
0 80384993 0
0 326282424 0
0 524223264 0
0 148207731 0
0 799839642 0
1 748356232 0
0 986716641 0
1 856063235 0
1 746412356 0
0 735277056 0
0 935851692 0
1 975205715 0
1 814179659 0
0 244653583 0
1 484250714 0
0 190122908 0
0 146586350 0
1 804589940 0
1 478883448 0
0 128744595 0
1 757927186 0
0 23177207 0
0 196566712 0
1 644597271 0
1 644182353 0
1 927620768 0
0 820706987 0
1 228395985 0
1 300560386 0
0 871462011 0
1 521407789 0
0 844308316 0
1 820761179 0
0 459401466 0
1 279073590 0
0 764947734 0
1 135544975 0
0 372198952 0
0 284187331 0
1 495473233 0
0 437215123 0
1 901040997 0
0 436945061 0
1 526731638 0
0 298325599 0
0 804762111 0
0 303134123 0
0 213680138 0
0 437663285 0
1 432775682 0
0 498792038 0
1 586606144 0
0 19272588 0
0 36097026 0
0 282285970 0
1 404573834 0
1 450195532 0
1 952579372 0
1 255129632 0
0 54341864 0
1 4053907 0
0 521766827 0
1 537129926 0
0 839345752 0
0 665574041 0
0 355156974 0
1 94294998 0
1 423262959 0
0 299611050 0
0 544165267 0
0 555631270 0
0 792874934 0
0 481967938 0
1 214713628 0
1 55977453 0
0 142310548 0
1 251089357 0
0 620887671 0
0 155401537 0
1 748892579 0
1 917827880 0
1 146333573 0
0 857148679 0
0 902971350 0
0 303564077 0
1 166851265 0
1 727444750 0
0 577786157 0
0 580411836 0
0 230278190 0
1 586626606 0
0 890714468 0
1 707563939 0
0 580761939 0
0 851003580 0
1 668964151 0
1 960608539 0
0 693793304 0
1 471784861 0
1 405478278 0
0 218401068 0
0 575069789 0
1 551862928 0
0 88452224 0
0 196821493 0
0 757970521 0
1 36114936 0
0 537744141 0
1 779713571 0
0 847111072 0
1 457601748 0
1 190065967 0
1 6939041 0
0 169181792 0
0 198748345 0
0 700648399 0
1 669619472 0
0 697056796 0
0 710850487 0
0 838217734 0
1 976419407 0
0 643910206 0
0 960048805 0
0 486785437 0
0 884540612 0
0 434962940 0
0 333405967 0
0 850292622 0
0 852795397 0
1 598173419 0
1 724350401 0
1 952709106 0
1 304248547 0
1 711123213 0
0 880725177 0
1 733914348 0
0 61085681 0
0 109418527 0
1 527177175 0
1 574902553 0
0 321170758 0
1 162030975 0
1 591526157 0
0 571894789 0
1 281331382 0
1 587109526 0
0 734121880 0
1 983638524 0
0 600345463 0
1 871125587 0
0 609197072 0
1 906033227 0
0 871259879 0
0 922631525 0
0 446179212 0
0 932453066 0
0 709844654 0
1 820166060 0
0 652697897 0
0 69252678 0
0 372085344 0
0 706489613 0
1 474408174 0
1 357480170 0
0 457367842 0
0 129157365 0
0 523760547 0
0 901446378 0
0 675405117 0
0 532232793 0
1 101754556 0
0 570558180 0
1 951353858 0
0 257168005 0
0 315944625 0
0 430806255 0
1 810599996 0
0 764058676 0
1 232635956 0
1 786613195 0
0 486320575 0
1 575755262 0
0 854828199 0
1 72676370 0
1 230499396 0
1 100811892 0
1 618242923 0
1 457975438 0
1 715727856 0
0 839796664 0
0 700779040 0
1 81335353 0
1 52274257 0
1 599286454 0
0 370662965 0
0 926092456 0
0 454836756 0
0 875697020 0
0 205904787 0
1 921962171 0
0 905855918 0
0 268148538 0
0 412538775 0
0 440164458 0
0 384578318 0
0 891259747 0
1 773966993 0
0 150389266 0
1 947342045 0
0 822781469 0
0 422024727 0
1 480282662 0
0 225195264 0
1 54866380 0
0 857096911 0
1 102644489 0
0 454959982 0
1 813577338 0
1 524665943 0
0 749786857 0
0 482293678 0
1 246812117 0
0 843451846 0
1 999102014 0
0 139263175 0
0 469928044 0
0 620290391 0
1 259550676 0
0 799493297 0
0 572584037 0
1 929988946 0
1 411727115 0
1 682586860 0
1 945247010 0
0 400071666 0
1 39799789 0
0 127811316 0
0 600456504 0
0 511117935 0
1 771081118 0
0 767890373 0
1 30229322 0
1 3657592 0
0 768830076 0
1 668459453 0
0 485467769 0
0 127465049 0
1 784751362 0
1 233971021 0
0 885485695 0
0 585475170 0
1 115043394 0
0 270513350 0
0 713438688 0
1 705628434 0
1 639898187 0
1 760043897 0
0 252345018 0
1 800396210 0
0 152419194 0
0 411919911 0
1 488918630 0
0 409060526 0
1 724249663 0
0 340854577 0
1 960728175 0
0 21169291 0
0 168152563 0
1 43418762 0
0 585176602 0
1 989809286 0
1 205995092 0
0 601919270 0
0 856144664 0
0 35831098 0
1 965322212 0
1 868273121 0
0 140418555 0
1 865794795 0
1 484390288 0
1 529147252 0
0 854032934 0
0 503554413 0
1 578008564 0
1 941193286 0
0 51886257 0
0 882225427 0
1 810181657 0
0 768364060 0
1 919521156 0
1 78567054 0
0 945764091 0
0 232941633 0
1 264357011 0
0 154277727 0
0 28067428 0
0 655271799 0
0 160649196 0
1 886512477 0
0 271279002 0
1 999430555 0
1 814970284 0
0 227483421 0
1 258639422 0
0 46576680 0
1 942432463 0
0 746010376 0
0 339455509 0
1 322054734 0
1 388384678 0
0 841776726 0
1 625087306 0
0 478740105 0
0 673987615 0
1 826792646 0
1 810469997 0
1 917590778 0
1 165150983 0
1 359378372 0
0 922106384 0
1 589918484 0
1 613304883 0
0 579734093 0
0 231290420 0
1 611303407 0
1 117245089 0
1 849130471 0
1 262632419 0
0 29050016 0
0 490545525 0
0 107484084 0
0 196180365 0
0 73442055 0
0 31293026 0
0 956596563 0
0 254870620 0
1 736342227 0
1 37950321 0
1 563858878 0
0 990373233 0
0 232292587 0
0 257920052 0
1 771714191 0
1 893630552 0
1 94534796 0
0 497903232 0
0 917749265 0
1 469727902 0
1 211148527 0
0 300287698 0
1 98400842 0
1 182694739 0
0 724124294 0
0 829884072 0
1 55553239 0
0 33329031 0
1 893325261 0
0 291387253 0
0 554110920 0
1 459656566 0
0 970564453 0
0 40489152 0
1 85202503 0
1 893956241 0
1 700064211 0
1 550035540 0
1 74008883 0
1 476282649 0
1 55850513 0
1 459801105 0
0 62085009 0
0 269506115 0
0 758300790 0
1 311675031 0
0 754848116 0
0 158389196 0
1 160319371 0
1 265956797 0
0 60814165 0
0 327644042 0
0 602113316 0
1 602371263 0
1 244985003 0
1 808609343 0
0 980361507 0
0 556152506 0
1 501663186 0
1 10442592 0
1 424644349 0
0 619576590 0
0 922587942 0
0 700775869 0
1 956076483 0
0 697569431 0
0 365996620 0
0 390457228 0
1 773452772 0
1 897849280 0
0 134214057 0
1 563444369 0
1 362074505 0
1 598643218 0
1 186802992 0
0 605269365 0
0 217574961 0
1 731043400 0
0 282146592 0
0 423511402 0
0 62015998 0
0 127328441 0
1 870829282 0
1 749568839 0
0 330048965 0
0 424022468 0
0 902157902 0
1 634631590 0
1 223484130 0
0 561991566 0
1 832920240 0
1 187080554 0
1 780250877 0
0 926237814 0
1 354609377 0
0 974294718 0
1 610923310 0
0 947002842 0
1 409591464 0
1 70614621 0
0 142757025 0
1 713867865 0
0 806841099 0
1 54375488 0
0 226188261 0
0 612579360 0
1 251180022 0
1 743905157 0
1 914684809 0
0 449882518 0
0 462782427 0
0 555838450 0
1 489543300 0
1 665402952 0
0 664598178 0
1 964332093 0
1 645028816 0
0 406289261 0
0 115880774 0
1 669359613 0
1 697139464 0
0 445665925 0
1 417685047 0
0 73747083 0
0 857572834 0
1 459943121 0
1 727640719 0
1 672410205 0
0 353626012 0
0 478991648 0
0 788050830 0
0 646000169 0
0 761695235 0
1 636565585 0
1 56188525 0
1 815660201 0
0 50035677 0
0 823556969 0
1 677103584 0
0 903906112 0
0 879077172 0
0 145195937 0
1 490207212 0
1 694987653 0
0 865885341 0
0 824560896 0
1 536091533 0
0 973327020 0
1 504699779 0
0 332600994 0
1 822239174 0
1 295083682 0
0 850138997 0
0 880893174 0
0 765250693 0
0 580259273 0
0 351046200 0
1 251647774 0
0 736397692 0
1 65615202 0
1 52949692 0
1 425803689 0
1 551723281 0
1 577751903 0
1 269656343 0
1 817340244 0
0 73580447 0
1 585679543 0
0 476939538 0
1 648207653 0
1 308213290 0
1 87589203 0
0 47860422 0
0 466287918 0
0 514750454 0
0 610950610 0
1 296279686 0
0 371025306 0
1 665016902 0
0 870338436 0
1 6467638 0
0 990668088 0
1 681260663 0
1 386445511 0
0 898515367 0
1 721823070 0
0 889865071 0
0 433226505 0
0 678200119 0
0 40906525 0
1 394922874 0
1 951498474 0
1 345752936 0
0 965636421 0
0 12370564 0
0 271132305 0
1 612086005 0
0 66864517 0
0 65915838 0
1 633144380 0
1 542946575 0
1 423360968 0
0 784874989 0
1 908068829 0
1 671834816 0
1 799114138 0
1 150484130 0
1 508626087 0
1 778592956 0
0 456768298 0
1 975502863 0
0 484692982 0
0 80627748 0
0 302722563 0
1 795968176 0
1 482423269 0
1 600003975 0
1 380142247 0
0 974804179 0
1 686268749 0
1 500637231 0
0 434015566 0
1 47333106 0
1 655092303 0
0 518585657 0
0 965463115 0
0 310517917 0
1 208094124 0
0 433720574 0
0 633240329 0
1 620505422 0
0 547062858 0
1 825838952 0
0 802742874 0
0 180547401 0
1 589222577 0
1 354937404 0
0 48218148 0
1 304980904 0
1 363655560 0
1 539739158 0
1 565167967 0
0 323472747 0
0 444855758 0
1 503727307 0
0 698540573 0
0 489561968 0
0 888527065 0
1 619662285 0
0 294728347 0
1 408405302 0
1 158140204 0
1 424410220 0
1 803371396 0
0 978836947 0
0 943880904 0
0 340654895 0
1 946534285 0
1 868546878 0
1 974941951 0
0 586542215 0
0 272209612 0
0 644823825 0
0 472220869 0
0 325843049 0
1 999831384 0
0 943960400 0
1 593236588 0
1 311804122 0
0 634037437 0
1 258580555 0
0 737854893 0
1 26556680 0
1 669298320 0
0 913935677 0
0 206806119 0
1 910096167 0
0 858838120 0
0 358585587 0
1 951286585 0
1 705445133 0
1 140918468 0
1 879535790 0
1 874429402 0
0 309702864 0
1 737844667 0
0 543729094 0
1 750631139 0
0 993706378 0
0 523545085 0
0 916443379 0
1 13699830 0
0 921190337 0
1 966754537 0
0 77166687 0
1 142484764 0
1 841385404 0
1 290495291 0
1 782413540 0
0 521438506 0
1 651708767 0
0 422249866 0
1 90853005 0
0 423495574 0
0 934370756 0
1 499836448 0
0 195579107 0
0 503374385 0
0 20498201 0
1 762730007 0
1 167799339 0
1 886574278 0
1 101793959 0
0 669555154 0
0 249359180 0
0 142950145 0
1 29796821 0
1 759907997 0
1 760815637 0
0 227593219 0
1 284665958 0
1 261828337 0
1 99378374 0
1 717623455 0
1 783938758 0
1 970246912 0
0 842050779 0
0 446504016 0
1 450260814 0
0 965464320 0
1 579830902 0
1 136622200 0
1 157005875 0
0 524535346 0
1 482765593 0
1 438853913 0
0 282127506 0
1 10879152 0
0 463570921 0
0 281883385 0
0 490187312 0
0 607523387 0
0 659222073 0
0 576832918 0
0 259564502 0
1 363703669 0
0 908774726 0
0 308357976 0
1 367357213 0
1 128791153 0
0 711589723 0
0 71427762 0
0 51373628 0
0 43019988 0
0 214532801 0
0 200515314 0
1 371369310 0
1 774368954 0
1 142237163 0
1 119838541 0
0 890457845 0
1 234504151 0
0 984026057 0
1 229686339 0
1 536207376 0
0 751572694 0
1 326430789 0
1 546244244 0
0 850680293 0
0 437051337 0
1 626071580 0
1 239879856 0
1 918183738 0
0 691450356 0
0 509094000 0
0 397313243 0
1 172471754 0
1 886430553 0
0 309192110 0
1 896807691 0
0 941911711 0
1 739427702 0
1 210931209 0
0 760806346 0
1 228785643 0
0 412372193 0
1 754374813 0
1 786523828 0
0 940195842 0
1 934702474 0
0 257996979 0
1 454130274 0
1 709167196 0
0 373599301 0
0 13284893 0
0 986497174 0
1 579092948 0
1 583334369 0
1 145026113 0
1 913282209 0
1 592609694 0
0 402023076 0
1 706959331 0
0 364194077 0
0 201949461 0
0 877007147 0
0 325397928 0
1 550997364 0
0 26207723 0
1 914986773 0
1 462030613 0
0 896015305 0
0 331693584 0
0 99720801 0
1 388593996 0
1 803466711 0
1 200918055 0
1 676825743 0
1 107092263 0
1 433695667 0
1 262019399 0
1 907083161 0
0 596488437 0
0 781148806 0
0 434171523 0
1 848921584 0
0 22346989 0
0 47601148 0
0 657699787 0
1 995015574 0
1 353980380 0
1 372533119 0
0 626655832 0
1 691218179 0
1 935951552 0
1 202632122 0
1 987011113 0
0 730218285 0
1 885078034 0
0 491971743 0
1 917371418 0
0 553108396 0
0 711948073 0
1 670359654 0
1 195787927 0
1 514383055 0
1 341121789 0
0 799446587 0
0 225623911 0
1 644748907 0
1 395679370 0
1 755858913 0
0 15463441 0
0 160512019 0
1 174121775 0
1 997779902 0
1 918058577 0
0 861669760 0
0 943294505 0
0 580528307 0
0 937921772 0
1 969999869 0
0 597076374 0
1 944491620 0
1 116556325 0
1 708766795 0
0 342146652 0
0 488996478 0
0 632178645 0
1 747131838 0
1 738096603 0
1 172748249 0
0 225960666 0
0 413736680 0
0 259339140 0
1 386521347 0
1 372980435 0
1 515447336 0
1 390294042 0
0 428810815 0
0 547675732 0
0 87666042 0
1 940676781 0
1 159572648 0
0 292821750 0
1 822605970 0
0 337487042 0
1 916668181 0
0 27655918 0
1 38699412 0
1 797987849 0
1 264738503 0
0 817255781 0
0 478337220 0
0 592503371 0
1 587011305 0
1 146238027 0
1 489218385 0
1 136723650 0
1 42496172 0
1 326204025 0
0 602501242 0
1 439613529 0
0 737123125 0
0 773199545 0
0 202189349 0
1 880746007 0
0 184827553 0
1 842550196 0
0 956887181 0
1 225952580 0
1 884727064 0
0 593104568 0
0 148967665 0
1 257810948 0
1 211322164 0
0 402577475 0
0 258914304 0
1 268527458 0
1 276077635 0
1 70452413 0
1 93618677 0
1 105763279 0
0 239677692 0
1 75780004 0
0 406187737 0
1 411913770 0
1 522488685 0
1 919203915 0
1 684216611 0
1 714094054 0
1 52642797 0
0 127465023 0
0 857138909 0
0 386173148 0
0 708201859 0
0 468580261 0
1 434032720 0
0 522344393 0
0 377501141 0
0 295051085 0
0 466456883 0
0 233926732 0
0 148286204 0
1 655600638 0
1 611410785 0
1 451223715 0
1 318507093 0
0 542920791 0
1 214471622 0
0 783968600 0
0 716938088 0
1 367990810 0
0 631415492 0
1 891111508 0
1 911298921 0
0 87336777 0
1 302659994 0
0 458997643 0
0 590571022 0
0 230957357 0
0 702143985 0
1 500727845 0
1 510508289 0
1 495828690 0
1 969165847 0
0 250964831 0
1 443568915 0
1 229756357 0
0 256753064 0
1 330161907 0
0 75938416 0
1 855832378 0
0 907909102 0
0 414028634 0
1 547159459 0
0 498800473 0
0 174270865 0
0 465130920 0
1 149650058 0
1 588150547 0
1 462798425 0
1 540823755 0
0 867264902 0
0 970056991 0
0 536334647 0
0 169574572 0
1 851975982 0
1 836899506 0
1 174500162 0
0 260857761 0
1 155435074 0
0 644059142 0
1 705335646 0
0 425612856 0
1 23288003 0
1 85041304 0
0 69739524 0
0 821314964 0
1 570366477 0
1 641632604 0
1 163894237 0
1 781440895 0
1 771908461 0
0 322173025 0
0 638758314 0
0 856729854 0
1 601998949 0
0 494962314 0
1 805783975 0
0 77654169 0
1 402955338 0
0 815437211 0
1 461792492 0
0 871570799 0
0 890366462 0
1 220379519 0
0 837337846 0
0 103918983 0
1 648873223 0
1 827861239 0
1 908458726 0
1 137714981 0
1 867273360 0
1 906121776 0
0 513317591 0
0 48915024 0
0 766187637 0
0 785285748 0
0 559926003 0
1 468771257 0
0 29739250 0
1 960249054 0
1 771277179 0
0 301893424 0
0 710105471 0
0 78798578 0
0 833060436 0
0 276687391 0
0 538207944 0
1 708597140 0
1 533906928 0
1 580824973 0
1 424770886 0
0 286624089 0
1 365293508 0
1 35160636 0
1 310184443 0
1 498460857 0
1 93889041 0
0 921581949 0
1 802588944 0
1 176875181 0
0 44881776 0
0 27212915 0
0 825985995 0
0 705837804 0
0 621126185 0
1 742842093 0
1 374691855 0
0 286527841 0
0 907146066 0
0 186684749 0
0 671543214 0
1 802613871 0
1 873211524 0
0 161830173 0
0 111607859 0
0 269515385 0
1 105202179 0
0 224930346 0
1 388585553 0
0 796053529 0
1 225343053 0
1 694907094 0
0 614458986 0
0 41391335 0
1 479469108 0
0 897254268 0
0 143206196 0
0 148576740 0
0 254584375 0
0 17065175 0
1 244717539 0
0 961800809 0
0 868959179 0
0 129422758 0
1 6002841 0
0 365733737 0
1 735183999 0
0 250720500 0
0 529180626 0
1 925994620 0
0 840482736 0
1 53341290 0
1 452104592 0
0 273631002 0
1 578061586 0
0 546434722 0
0 982624538 0
1 842531503 0
0 76471560 0
0 509282034 0
0 140989074 0
1 148719347 0
0 116264821 0
0 831577530 0
0 604871289 0
1 18368277 0
0 97160863 0
1 240325549 0
0 430059844 0
0 789183822 0
1 673559472 0
1 8286860 0
0 889500706 0
0 144065015 0
1 28240113 0
0 17738882 0
1 996557323 0
0 324564860 0
0 346999340 0
1 632482433 0
0 864139440 0
0 812958622 0
1 973064836 0
1 558260150 0
1 615256575 0
0 345401017 0
1 871329767 0
0 39045036 0
0 260791374 0
1 359473845 0
1 920509512 0
0 709341069 0
1 171616247 0
1 608211621 0
0 319564245 0
1 342220677 0
0 382665512 0
0 300853246 0
0 455157836 0
0 115577225 0
0 186165018 0
0 693330705 0
0 413220440 0
0 134767271 0
1 724187019 0
1 732901249 0
1 394620295 0
1 984356477 0
1 170010047 0
0 886450930 0
0 27217375 0
0 735671510 0
0 873771571 0
0 693616089 0
1 435467645 0
1 591389358 0
1 398301020 0
1 197061056 0
1 577032612 0
0 826309097 0
0 512777117 0
1 173806266 0
0 285030904 0
1 143718195 0
1 669467021 0
1 908379849 0
0 666949853 0
1 40907818 0
0 575663098 0
1 514982045 0
0 700089358 0
1 299669503 0
0 331792739 0
1 755566005 0
0 183082734 0
1 976628819 0
1 367388448 0
1 173490031 0
0 165499207 0
1 613838242 0
1 405685796 0
0 217816563 0
0 157642870 0
0 836941291 0
1 33736308 0
1 886384410 0
0 945242664 0
0 31964542 0
0 667767113 0
1 485684114 0
1 578383717 0
1 53144313 0
1 35406810 0
0 235191010 0
1 886783118 0
0 995779416 0
1 41362956 0
0 194609038 0
0 317269067 0
1 19269515 0
1 468961337 0
0 165011443 0
1 425259219 0
1 984969110 0
1 535464780 0
0 784085012 0
1 146445617 0
1 138054560 0
0 748418565 0
1 430446872 0
1 899490202 0
0 825370141 0
0 151573614 0
0 692880624 0
0 242665092 0
0 419621160 0
1 906215532 0
0 646032226 0
1 887619700 0
0 172846751 0
1 798166794 0
1 89632036 0
1 464986722 0
0 4187240 0
1 846672053 0
0 308023209 0
0 307859910 0
1 992436339 0
0 382424380 0
1 454877465 0
0 944469497 0
1 293314963 0
0 85361299 0
0 511622408 0
1 447809501 0
0 431568040 0
0 665518766 0
1 645360802 0
1 968493237 0
0 180152141 0
0 214250913 0
0 435640527 0
1 639915074 0
1 88119039 0
1 406950552 0
0 913263860 0
1 564070314 0
0 692597797 0
0 339134830 0
0 453116724 0
0 826238293 0
0 129826058 0
1 253225762 0
1 630796712 0
0 202079595 0
1 676606707 0
1 349766690 0
0 358888071 0
1 53272689 0
0 210267531 0
1 810938611 0
1 239694812 0
0 171707998 0
0 701962804 0
0 856250257 0
1 10047059 0
1 164322392 0
0 3435656 0
1 199334556 0
1 918926432 0
1 136462204 0
0 57045330 0
0 959975741 0
0 181572059 0
0 39449857 0
1 404334311 0
1 297970980 0
0 15648077 0
1 505094914 0
1 728502304 0
1 512412219 0
1 699160226 0
0 461410247 0
0 506449903 0
0 990214208 0
1 555049473 0
0 233618340 0
0 757731294 0
1 520609000 0
0 262028809 0
1 112206200 0
1 298906704 0
0 160050029 0
1 26125552 0
0 292079674 0
1 362390008 0
0 362991506 0
1 628006312 0
1 128985340 0
1 984054897 0
0 957381734 0
1 859041919 0
1 467852181 0
0 74833771 0
1 173866908 0
0 942250207 0
0 461348243 0
1 999676603 0
0 668051785 0
0 599769805 0
1 571414547 0
0 390557636 0
1 662905310 0
0 780949051 0
0 420561300 0
1 633656185 0
1 865752728 0
1 406983411 0
1 752681983 0
1 222737151 0
1 164381371 0
1 45449129 0
1 328707601 0
1 202369470 0
0 632976259 0
1 46250499 0
0 755999410 0
1 523876910 0
0 276881243 0
1 309062098 0
1 795629379 0
0 213142073 0
1 592229895 0
1 531026815 0
1 621427339 0
1 838302557 0
0 240676182 0
0 330334812 0
0 658220061 0
1 294024937 0
1 95506232 0
0 487463945 0
0 689469401 0
1 822763673 0
0 478221675 0
0 539852448 0
0 332093624 0
0 446791832 0
1 866714192 0
0 750336965 0
0 454128713 0
1 607450780 0
0 830228623 0
0 403311650 0
0 722917595 0
1 492515565 0
0 884876593 0
0 839741926 0
1 224999722 0
1 675662903 0
0 665299055 0
1 352980025 0
0 322667640 0
0 71068989 0
0 827474682 0
0 369285170 0
0 831040058 0
1 948830698 0
0 136931471 0
0 883386084 0
0 566483373 0
1 902907363 0
0 385508143 0
1 358478764 0
0 354140170 0
1 526050198 0
1 71344880 0
1 916002128 0
1 168439288 0
1 783092508 0
1 235567152 0
1 826411639 0
1 576178951 0
1 915068484 0
0 44797981 0
0 552240471 0
0 62699050 0
0 981748881 0
0 181120778 0
1 933213208 0
1 913893800 0
1 598308374 0
1 815330023 0
0 901256714 0
1 648743509 0
1 949477346 0
0 187832572 0
0 137312527 0
0 421089923 0
1 936475286 0
1 704793253 0
1 245281475 0
1 296901784 0
1 806904709 0
1 573967666 0
1 623628466 0
1 222096942 0
1 879890138 0
0 475989803 0
0 507593632 0
1 514344896 0
1 477621141 0
0 625235373 0
1 593869058 0
1 957585750 0
1 787660148 0
0 198235235 0
1 995506644 0
0 366491757 0
1 592536568 0
1 645315941 0
0 38805339 0
1 697613087 0
1 671342443 0
0 138078873 0
0 157541125 0
1 209379772 0
1 69194913 0
0 543211244 0
0 852217779 0
0 838708106 0
1 170728037 0
0 233089723 0
0 911711712 0
1 863708930 0
0 509303501 0
0 589186622 0
0 741091916 0
0 490505811 0
0 315567228 0
0 349924908 0
1 265455178 0
0 63664396 0
0 651575159 0
0 812209281 0
0 690098497 0
0 610556515 0
0 96879344 0
0 909280359 0
0 322778531 0
0 413034387 0
0 951023028 0
1 297533233 0
0 448485455 0
1 321348527 0
1 386252243 0
1 774564654 0
0 294453551 0
1 605453076 0
1 995824588 0
0 666568053 0
1 132081375 0
0 999146978 0
0 28007921 0
0 128943099 0
0 650039147 0
1 405592198 0
0 269619094 0
1 574903145 0
1 287037110 0
1 931568805 0
0 268538364 0
0 399682616 0
1 245687195 0
0 603978853 0
0 792171292 0
1 453556014 0
1 681446318 0
1 67777827 0
1 103974363 0
0 750918155 0
1 584290901 0
1 345891896 0
1 619569757 0
0 805901395 0
1 37559443 0
1 479701712 0
0 151268368 0
1 160222206 0
0 6420646 0
1 594398697 0
0 270401835 0
1 678743011 0
1 870139461 0
1 471201179 0
1 488257005 0
0 631755340 0
1 666894295 0
1 288449777 0
1 994639946 0
0 802563858 0
1 772927365 0
1 698892100 0
0 705416274 0
1 518157465 0
1 209511275 0
1 734370116 0
0 153157246 0
1 734589054 0
0 145296577 0
0 912088852 0
1 581780358 0
0 777384728 0
1 239194261 0
1 868689065 0
1 242041003 0
1 302149318 0
0 453729329 0
0 269035164 0
0 179875719 0
0 251037862 0
1 503966326 0
1 863949122 0
1 706854611 0
0 695645356 0
1 542864108 0
1 907026827 0
1 50164410 0
0 529443631 0
0 983373745 0
0 574572030 0
0 544545576 0
0 672260097 0
0 260033660 0
0 241687550 0
0 525076433 0
0 68439875 0
0 642685296 0
1 596607497 0
0 546500635 0
1 865037600 0
1 223658036 0
0 850313069 0
0 530797506 0
0 887791672 0
1 685752208 0
1 47401473 0
0 799275272 0
0 196095415 0
0 327641458 0
1 925662408 0
0 437735065 0
1 91279805 0
0 2495972 0
1 904393017 0
1 56511361 0
1 584367977 0
1 679612401 0
0 90239752 0
1 315882738 0
1 864121394 0
1 866610412 0
1 115572576 0
1 442508215 0
0 927041824 0
1 40075028 0
0 315258889 0
1 233461260 0
1 87249899 0
0 243979502 0
0 934847643 0
0 466536577 0
1 585574950 0
0 553021019 0
1 951405598 0
0 279076536 0
0 463045799 0
1 411939406 0
0 847023334 0
1 945376310 0
1 189691267 0
1 66444692 0
1 23961976 0
0 49090655 0
1 666656281 0
1 330535435 0
0 997203019 0
0 112824896 0
1 428167927 0
0 775830262 0
0 178238372 0
0 450682584 0
1 307554911 0
0 467364590 0
0 645090115 0
1 743407788 0
0 889892610 0
0 392579565 0
1 985906422 0
0 216324130 0
0 599727311 0
0 393768382 0
0 81968208 0
0 353136625 0
1 585553691 0
0 187803289 0
1 213921555 0
1 534871487 0
1 38291126 0
1 712344682 0
0 397883970 0
0 281148166 0
1 941583437 0
0 670891615 0
1 946250703 0
0 734390672 0
1 507883764 0
1 276611294 0
0 111755524 0
1 895211928 0
0 687824774 0
1 501442536 0
1 455655479 0
1 827638183 0
0 902376994 0
1 154608020 0
1 710436781 0
0 860924123 0
0 489642049 0
1 968010652 0
0 880298888 0
1 255287588 0
1 54730514 0
0 718387421 0
1 187650404 0
1 83444217 0
0 684063247 0
0 688562842 0
0 290005183 0
0 386967885 0
1 560766939 0
1 867873555 0
0 451760565 0
0 724420495 0
0 827343875 0
1 179135907 0
0 388519516 0
0 753793664 0
1 505109489 0
0 599698009 0
1 144438890 0
0 306405071 0
0 604591344 0
1 593511427 0
1 73957171 0
0 64788621 0
0 382583278 0
1 754392298 0
1 824592720 0
0 94150625 0
0 206204783 0
1 987056835 0
1 811633451 0
1 913843488 0
1 540567682 0
0 164527098 0
1 443223805 0
0 214090397 0
0 20314110 0
1 420871113 0
0 549662256 0
0 528169376 0
1 806921302 0
0 473105866 0
0 298967137 0
1 913637993 0
0 607565600 0
0 196976493 0
1 534669534 0
0 714423621 0
1 197012119 0
1 7749927 0
0 90875978 0
1 485204051 0
1 15034253 0
1 316544202 0
1 983751062 0
1 695324547 0
1 963453074 0
1 120998294 0
1 442060343 0
0 867104056 0
1 903853658 0
1 412738765 0
1 825867176 0
1 677685311 0
1 976907599 0
1 77567136 0
0 293500813 0
1 307311805 0
1 240144933 0
0 576890664 0
0 279272813 0
0 327132747 0
0 169304328 0
0 971562712 0
1 246361325 0
0 179693098 0
1 245694028 0
0 39731156 0
1 253814046 0
1 557972163 0
1 274762678 0
1 781000198 0
0 337400831 0
1 39682899 0
0 404440455 0
0 944781529 0
0 682841336 0
0 672659039 0
1 204985157 0
0 348957818 0
1 470916324 0
1 811132523 0
0 582211447 0
0 322859292 0
0 655222481 0
0 24869554 0
1 482463676 0
1 100543183 0
0 254470538 0
0 938110306 0
1 692111800 0
1 75164947 0
1 854623079 0
0 833061252 0
1 155299199 0
1 688142480 0
0 520873106 0
1 574352698 0
0 92657624 0
1 228546367 0
0 256224582 0
1 77432693 0
1 686774034 0
0 960654747 0
0 886409369 0
1 414874294 0
0 501736669 0
1 924796697 0
1 427740821 0
1 992807998 0
1 538621625 0
0 756205234 0
1 651715395 0
0 645200548 0
1 126161699 0
1 810255973 0
1 951205339 0
0 637286245 0
0 893589869 0
0 610704764 0
0 620759054 0
0 64479907 0
1 114658894 0
1 317047809 0
0 826024768 0
0 214894654 0
1 880831729 0
1 8958280 0
1 590718663 0
1 657890539 0
0 175949298 0
1 842003651 0
0 467678181 0
0 230843764 0
1 568451056 0
0 19394309 0
0 920697342 0
1 139692644 0
1 525084254 0
0 883161016 0
1 168258566 0
1 441411403 0
1 29610935 0
0 49115298 0
1 547115222 0
0 873091789 0
1 696576946 0
1 884438108 0
0 807593523 0
1 990238205 0
0 615438213 0
1 360966101 0
0 433343458 0
0 287623098 0
1 759851330 0
0 121264789 0
1 378003648 0
1 897685113 0
1 464174803 0
1 132052303 0
0 812323669 0
1 175024359 0
1 558203210 0
0 204916675 0
1 74335257 0
1 670472551 0
