100 100
4109 899 3182 2923 4981 2067 1630 4478 320 1655 3325 4340 4999 1370 2333 132 1516 804 3021 370 673 2548 790 2783 2326 3350 4289 4489 913 2019 4565 59 3825 1053 4979 621 499 4676 1841 3858 1421 4095 3485 3910 3356 4299 597 2945 2993 989 2434 1124 407 4335 4943 4348 2395 2094 1509 2805 2140 2310 3919 1662 4971 2137 2200 1992 1946 4853 1589 2154 1605 229 3082 1843 4480 406 3504 2179 3468 2148 4980 4358 4492 977 41 944 4626 3168 600 3372 3721 2244 4179 604 4519 4655 3223 3995
1 2
2 3
2 4
4 5
5 6
5 7
6 8
8 9
8 10
9 11
10 12
12 13
12 14
13 15
14 16
16 17
17 18
18 19
19 20
20 21
20 22
22 23
23 24
24 25
24 26
25 27
27 28
27 29
28 30
29 31
30 32
31 33
32 34
34 35
35 36
36 37
36 38
37 39
39 40
40 41
40 42
42 43
42 44
44 45
45 46
45 47
46 48
47 49
49 50
49 51
50 52
51 53
53 54
54 55
54 56
55 57
57 58
58 59
58 60
59 61
60 62
61 63
63 64
64 65
65 66
65 67
66 68
67 69
69 70
70 71
70 72
71 73
72 74
73 75
75 76
76 77
76 78
78 79
79 80
80 81
80 82
82 83
83 84
84 85
84 86
86 87
87 88
88 89
88 90
90 91
91 92
92 93
92 94
94 95
95 96
95 97
97 98
98 99
98 100
1 75 79 4832
1 10 43 3525
1 89 20 3752
0 56 4979
0 26 4694
1 1 24 1732
1 72 91 80
0 98 2766
1 65 42 2758
0 50 3925
1 35 100 1806
1 89 41 185
0 40 4193
1 63 53 1772
1 89 88 2632
1 21 85 1190
0 46 598
0 62 2527
1 43 70 2968
1 73 15 4076
0 54 2040
1 55 63 3158
1 68 76 4479
1 58 70 131
1 36 56 4832
1 6 71 2815
0 95 4678
1 43 63 2256
0 34 4807
1 80 69 1140
0 80 3129
0 3 2038
0 69 2517
0 47 3429
1 22 22 2217
1 57 71 3240
1 88 77 306
0 11 136
0 24 380
0 71 29
0 26 3002
1 57 17 4655
1 24 17 1633
1 96 97 792
0 11 2035
0 79 3708
1 84 86 4277
0 1 1661
0 39 943
1 63 73 4006
1 26 98 1691
1 38 27 687
1 61 18 1833
0 20 4551
0 23 1777
1 79 20 7
0 54 1846
0 33 1070
0 41 1483
1 67 62 3828
1 9 37 1619
1 36 57 1686
0 82 1971
1 25 84 864
1 81 2 3700
1 5 57 2116
1 30 33 3914
0 58 3791
1 32 45 392
1 25 75 2492
0 4 4804
1 63 35 4414
0 100 3354
1 41 83 3526
0 87 108
0 24 1198
1 96 23 1270
1 50 58 1368
0 35 1302
1 50 66 551
1 93 4 220
1 88 11 3831
1 25 62 2801
0 46 4827
0 11 3724
1 68 89 1598
1 24 93 4474
1 88 69 1505
0 55 4765
1 12 45 73
0 8 761
0 89 1897
1 8 39 1284
1 86 56 2658
1 24 18 197
0 93 3971
1 60 98 2611
1 20 20 194
1 27 63 1059
1 65 5 2671