305
17
1801
760
1981
737
261
136
282
495
8
58
117
102
1053
922
6
872
1305
1011
443
286
458
14
22
72
150
1341
537
403
4
885
626
1328
39
442
324
0
1456
210
35
539
1153
278
162
961
55
4
790
90
3
957
155
891
396
2412
63
0
1018
2211
176
432
152
33
440
230
238
139
314
69
311
3
936
136
730
1366
106
440
823
1611
241
610
77
2339
2186
931
1
319
960
465
118
861
550
1396
1829
10
1125
824
0
306
397
122
485
16
332
556
191
190
201
299
66
159
308
128
452
163
605
461
211
1067
53
1227
304
8
1020
2
128
131
121
14
168
3
218
1308
201
886
35
226
1532
231
1871
31
157
0
117
2134
726
137
19
202
96
1594
207
192
321
1079
803
0
1010
205
480
1729
622
379
207
604
491
439
46
1278
363
1439
537
2
550
162
9
0
265
3
81
475
1256
6
35
710
0
2282
401
91
1041
1714
512
478
551
28
44
524
93
80
92
431
382
1339
1703
1975
336
1007
562
835
6
784
1014
534
15
1715
892
225
450
736
119
177
201
904
9
165
841
709
2192
215
17
189
1105
206
593
1588
1412
415
3
50
131
591
757
2086
40
1378
942
14
395
420
43
587
1058
178
691
2292
112
0
46
298
899
161
1341
273
64
173
151
16
173
212
572
246
75
210
796
13
233
1183
956
1698
263
151
8
189
321
621
103
273
2015
341
719
1089
469
252
8
1214
54
729
720
52
400
26
1201
527
1356
141
406
2166
1059
67
67
376
338
41
1315
19
15
128
466
114
833
157
272
1341
222
149
1114
68
1076
27
1991
320
10
2182
68
79
228
532
919
147
303
30
99
204
866
32
102
531
934
2268
95
113
18
453
26
663
44
368
1081
43
211
1616
950
36
258
232
18
183
188
592
332
392
1
27
123
437
883
30
354
503
349
1329
475
229
155
129
61
0
1029
1623
477
248
315
83
337
19
44
2235
795
255
1265
290
957
17
1024
12
25
1450
168
653
114
158
318
180
186
592
318
141
1241
932
787
334
16
21
50
179
61
743
201
52
539
192
2291
185
17
226
123
144
1316
307
1060
21
228
668
1019
3
1248
530
87
1134
890
2360
846
169
25
210
139
1607
5
1140
580
418
711
410
299
9
6
460
38
1094
536
618
17
58
315
260
31
13
531
108
275
117
1
1681
45
235
29
385
119
1277
964
1254
4
34
142
2
198
28
654
279
44
713
162
145
0
39
31
285
4
5
1545
324
131
308
568
436
1075
129
94
781
490
1371
765
179
443
316
883
18
147
53
1492
11
2087
1577
123
16
432
1434
113
63
25
320
161
210
1170
31
115
211
167
775
8
310
1095
542
143
1411
38
1726
26
408
43
622
1999
56
1840
596
19
441
1191
799
538
985
39
1474
1397
894
689
781
350
569
563
537
842
0
866
3
637
133
181
35
890
319
41
554
68
14
734
853
579
177
525
583
490
233
1565
27
2458
97
233
1487
374
454
660
713
535
160
77
19
60
428
815
12
129
2027
933
127
90
1487
1247
572
25
0
125
117
69
4
85
2104
718
1258
9
1304
58
0
0
20
72
1512
1901
446
175
378
1793
2
639
0
1309
69
1072
1483
341
182
767
177
720
851
58
2218
6
460
1316
960
621
479
775
432
219
43
2
1098
9
9
196
522
2165
528
1583
413
395
99
760
54
1428
0
439
169
116
128
274
577
2672
299
384
298
662
811
59
201
423
273
358
360
255
128
648
185
221
765
1162
231
250
56
1542
215
87
34
418
22
26
5
449
82
0
194
573
983
145
715
107
112
225
688
81
129
499
1633
1157
458
1842
1867
3
978
546
2132
282
368
313
450
26
1051
89
1231
101
338
131
793
160
15
542
85
620
86
1046
155
151
485
1
181
309
0
553
1556
46
434
313
104
520
631
94
457
46
573
285
0
2336
115
123
152
550
924
535
331
11
1882
559
64
2305
1127
1
607
14
647
864
108
1207
180
193
950
854
1862
138
26
675
1145
779
1141
830
190
277
201
53
155
740
95
4
308
403
492
1206
537
630
1767
228
299
603
802
168
468
1681
38
737
74
135
1029
31
111
184
47
150
44
971
210
529
68
10
1346
1361
0
87
650
3
161
259
1144
491
31
957
236
398
154
1744
284
4
92
1123
19
47
261
3
937
158
207
1806
1534
645
144
276
1992
27
152
75
1375
15
66
39
13
127
1009
1
983
527
888
924
284
1318
489
0
204
917
591
705
377
298
25
139
485
54
542
362
918
5
808
575
1398
147
365
0
187
473
88
123
306
1073
29
647
345
441
293
108
325
747
143
1188
331
1303
675
0
78
78
977
452
0
53
641
70
1695
2102
2
1447
1970
28
409
600
66
65
1365
88
228
543
68
958
919
1343
6
150
16
112
51
1880
332
882
293
218
1309
635
100
119
1092
673
372
281
712
1705
48
374
1137
372
416
159
633
292
72
40
171
730
294
1870
353
47
114
345
93
843
42
363
660
149
1659
97
129
668
29
268
286
45
327
253
260
1141
13
229
1639
616
143
771
807
745
396
1474
115
2356
36
451
1183
247
75
65
765
1004
187
72
2139
2485
301
87
60
329
2079
1149
616
8
0
509
589
126
108
200
1194
0
948
1409
14
1725
126
1237
67
246
516
5
89
9
130
1296
578
774
163
915
736
349
607
109
566
15
163
115
627
78
52
42
403
285
975
998
1070
260
286
282
36
222
60
0
1209
7
4
119
345
424
1112
942
5
255
163
495
764
119
1355
92
316
571
1023
82
689
365
1492
1745
94
24
13
230
485
1097
419
22
6
1846
716
84
1062
1266
1943
432
215
125
35
59
3
108
428
2139
582
1230
24
84
268
364
62
629
1761
1461
432
6
219
556
221
281
127
106
17
139
1265
340
2444
670
175
726
629
2100
1732
1624
21
230
198
6
815
1
246
646
106
119
417
1037
371
13
829
455
574
1391
5
119
222
135
6
1936
18
16
121
371
542
1389
128
855
918
219
1603
930
939
1316
4
81
379
234
211
517
247
222
805
655
203
144
16
63
8
73
327
225
366
79
724
7
133
13
3
139
86
3
1366
1404
39
979
1651
228
38
43
8
199
419
740
457
122
207
918
33
1209
674
0
256
411
448
1425
56
3
281
79
1182
412
503
350
704
1583
332
760
789
11
721
68
1049
273
1
5
610
263
248
55
1650
0
435
348
130
119
105
506
37
1055
330
142
510
22
92
84
211
351
238
108
23
460
272
279
783
330
1
116
576
1282
157
1128
40
42
1079
984
221
261
301
331
1099
697
714
24
27
258
945
181
77
324
526
2173
372
782
685
241
492
214
564
180
1636
132
643
1279
800
839
549
636
63
138
1237
3
57
12
109
400
289
325
1222
1735
358
104
920
813
8
927
550
499
168
55
245
1107
1565
860
669
157
383
328
1254
0
906
171
42
0
3
1111
195
578
558
64
1756
595
1678
688
938
461
583
143
4
948
567
42
235
1159
32
592
1504
909
1152
521
0
22
1912
3
481
163
403
276
1216
24
1367
533
8
292
768
203
245
942
749
272
549
50
334
633
9
635
63
1776
180
329
277
15
1842
499
436
506
809
159
201
253
508
75
639
100
345
222
198
473
25
645
4
1441
78
0
7
1857
125
1452
157
81
693
318
709
326
485
1661
29
801
785
12
67
777
194
102
145
517
175
8
64
522
356
970
159
192
43
331
959
965
70
1082
156
628
1720
452
295
310
205
13
1005
366
8
1024
185
396
1018
286
1620
88
533
1629
95
248
284
1614
669
159
1202
722
44
633
907
748
0
602
211
701
980
746
599
65
62
156
15
44
6
429
2177
66
73
1813
44
275
920
483
932
1184
192
935
834
1104
3
64
15
659
507
1980
61
407
178
3
52
527
42
2
479
636
763
275
254
1546
2606
95
290
296
270
86
999
175
25
254
948
51
24
667
47
420
2892
240
461
51
1
53
308
115
36
105
63
1077
1120
847
122
714
386
705
1570
2304
1473
1674
268
356
142
495
21
1014
1257
857
33
157
949
585
1808
299
1154
384
189
46
408
618
2129
140
1883
30
25
571
5
542
5
475
235
875
8
90
110
1120
305
209
170
435
101
636
45
410
1
441
200
153
153
26
245
58
466
528
156
2264
356
142
467
126
409
55
497
2051
153
657
312
429
50
510
430
2614
288
445
145
565
63
24
88
54
761
1644
20
245
1566
332
1286
1320
211
463
0
311
211
150
626
432
150
494
748
161
2210
1122
432
50
1056
683
1449
1632
8
86
79
239
441
0
502
47
717
13
1703
2
742
90
68
596
830
82
754
583
7
36
2113
1230
262
384
313
402
830
1470
15
206
63
263
697
314
1791
356
883
565
192
447
1430
965
219
104
1733
305
0
405
0
0
119
68
865
346
355
710
0
1022
580
137
25
985
18
1858
1119
1434
0
9
399
279
0
1
1108
257
174
20
0
793
42
282
90
475
761
1407
500
449
1334
31
374
1993
43
533
6
707
1012
274
1513
1320
526
298
0
113
641
1890
330
1498
44
173
241
85
361
742
199
630
116
1290
229
351
95
869
673
1364
125
1054
55
430
74
329
101
450
191
1651
248
110
753
233
87
46
1578
32
411
250
3
980
1823
309
138
2
1185
620
82
76
570
2
36
185
107
1209
851
64
571
3
1116
644
717
1477
35
55
381
125
1813
31
276
144
1288
601
0
120
6
329
243
463
249
761
168
499
551
1522
141
746
1507
55
29
214
485
1139
128
449
35
30
1314
566
650
1
410
146
419
340
132
112
1032
402
18
87
440
61
1119
206
115
585
87
470
637
296
232
14
36
1198
742
1775
336
24
1652
566
187
22
277
0
1356
101
1500
813
255
2020
391
222
8
453
315
208
681
592
1850
463
53
1856
58
1056
247
20
203
231
349
149
85
640
299
420
538
184
184
304
372
24
49
332
142
0
4
226
299
0
56
35
248
6
1900
1515
0
238
4
332
63
2556
285
1443
86
1831
2076
15
189
798
58
156
14
32
252
31
506
211
66
12
93
829
1725
155
215
152
3
1797
727
14
305
459
591
301
583
437
776
137
790
112
34
693
43
1126
149
21
211
1248
251
159
108
6
1440
1
265
839
750
555
778
84
12
1262
839
465
171
322
511
81
924
130
853
236
176
1134
680
385
192
1141
55
35
2199
33
86
1080
1162
109
1413
4
166
190
467
501
1327
4
57
162
128
83
139
375
525
873
1045
388
432
613
26
1326
28
750
898
712
2199
57
160
0
980
215
320
1138
94
6
681
80
23
392
1095
209
88
67
362
416
85
754
762
52
208
33
2281
26
470
1812
374
2186
1110
96
494
442
223
109
1161
1267
118
609
691
763
60
504
43
294
476
144
409
161
556
404
34
406
208
569
80
23
1197
25
159
379
0
53
718
8
145
1354
0
1248
2
333
252
6
441
508
39
27
709
412
70
57
282
3
305
267
187
1367
416
402
945
378
28
866
955
489
6
805
184
23
529
1078
352
24
205
155
90
246
139
1195
764
0
589
1769
1115
180
808
40
456
120
119
521
341
35
15
182
16
88
191
2328
360
97
511
106
0
212
55
859
819
179
1484
41
295
623
219
1043
1215
748
8
1457
431
149
27
63
17
586
168
1221
998
800
572
775
521
953
743
1294
662
1716
279
119
406
171
16
0
167
143
385
138
994
0
716
1062
1654
684
152
9
67
63
615
1112
62
962
629
74
1171
303
119
16
0
1331
3
1331
85
530
77
1549
22
32
308
155
596
232
505
489
891
71
96
179
995
252
242
334
376
8
1295
882
224
0
1202
88
661
321
226
416
302
139
72
147
436
161
21
216
923
3
1071
84
119
342
78
1216
890
4
2
0
326
369
90
712
445
5
115
47
358
953
1374
412
7
1025
506
325
308
1034
51
289
545
462
1148
123
367
309
0
548
666
1418
36
28
304
198
199
1
623
194
0
385
1158
827
2
311
90
226
2
53
189
420
28
1178
24
1040
381
33
8
315
1194
1729
1099
55
161
300
161
76
502
126
755
14
753
5
452
232
24
689
91
6
174
550
104
144
167
548
108
68
790
266
1500
1249
77
3
1207
267
1327
73
66
1009
211
6
254
586
195
116
650
806
28
0
1056
422
60
9
591
15
276
155
716
14
95
7
138
107
829
127
1419
515
973
951
1100
84
339
1381
304
515
1587
168
16
269
108
1370
9
319
3
8
522
298
588
413
161
589
1872
259
93
941
892
44
1183
355
109
227
740
85
231
139
198
314
630
623
560
2011
150
68
161
472
927
2394
1
5
778
413
423
328
1371
373
196
412
456
388
4
8
380
74
809
654
2480
475
236
39
182
1217
1083
0
36
478
412
50
427
1108
372
349
298
472
557
1025
65
242
822
1640
132
50
54
784
12
49
1031
1974
685
261
490
138
831
140
811
170
318
29
557
635
341
2013
157
527
164
1784
338
85
686
809
269
1124
433
65
1196
1334
200
398
1698
238
388
544
1339
1917
35
4
169
45
156
219
218
581
128
8
170
377
167
858
473
88
1567
436
475
261
156
522
464
1010
22
342
728
569
34
225
204
267
884
400
966
1055
142
49
1541
2427
353
22
565
113
750
1366
2
656
1340
846
353
594
332
341
136
273
0
1149
705
296
248
706
281
208
34
82
45
37
286
1725
775
872
864
52
441
133
63
75
2
778
820
69
451
984
38
1280
446
47
136
1132
214
301
728
122
540
35
315
482
122
827
385
1057
585
53
504
767
909
1065
176
1758
247
920
0
122
103
138
0
39
200
113
174
1429
1207
867
3
350
915
602
677
97
135
835
256
817
8
151
136
156
328
488
1752
25
708
457
84
53
1362
118
1048
111
12
6
823
13
181
0
928
7
643
791
683
509
135
24
115
498
20
902
433
717
24
1545
93
501
104
1630
37
730
119
410
17
123
2207
34
278
0
500
730
90
119
70
4
35
210
315
371
1058
63
1276
389
7
60
1960
324
14
119
1151
570
18
36
774
1939
192
49
967
1623
30
947
795
1605
270
1190
2179
41
211
843
503
85
12
2190
258
181
151
1201
135
477
1570
1700
6
71
928
992
733
1348
1215
248
1817
375
1136
255
25
1458
1152
788
585
42
1237
1238
130
367
235
540
1652
55
1007
335
62
500
900
261
154
467
0
24
87
158
42
4
234
334
574
71
130
566
188
13
87
53
601
924
138
122
22
184
178
529
6
60
1
74
652
289
1216
190
42
668
112
371
960
616
490
39
126
30
641
300
364
