1602
171
930
467
30
1316
125
475
883
1105
135
427
478
89
840
1466
3
0
591
34
368
4
936
590
246
270
1168
18
79
9
303
533
19
491
163
287
1350
445
23
151
2006
184
1233
11
175
1348
515
229
717
889
60
37
4
273
324
81
4
471
1275
11
207
444
1214
232
85
686
182
709
513
207
1451
418
2041
729
3
871
466
51
198
583
294
1267
887
387
8
69
42
125
121
349
1873
784
5
314
332
880
1455
388
39
1
2345
1610
875
150
1671
2171
4
790
11
714
412
571
11
283
3
67
355
1
694
848
618
750
150
782
1356
95
1427
1911
736
10
106
436
781
684
18
11
724
1880
33
13
594
2
13
300
1
460
1
125
654
163
392
231
1438
430
1264
6
782
862
95
152
4
274
789
8
1521
974
546
342
1425
1030
13
549
1119
145
410
939
216
761
41
153
798
39
284
863
1171
1867
119
160
573
1326
345
9
629
5
169
455
257
818
2
435
1007
491
228
1187
303
214
1337
283
737
45
218
8
240
422
498
447
1206
518
127
1497
74
21
748
1
402
481
737
51
135
392
1234
261
2399
393
15
371
805
605
701
224
652
0
508
118
724
18
449
513
18
145
476
1130
232
204
12
419
288
1988
1957
24
53
190
589
462
5
731
150
235
43
277
185
144
579
1169
125
37
536
367
816
30
53
1158
234
57
883
174
353
371
789
1153
1189
73
633
4
14
43
380
201
408
720
285
1515
7
234
2064
1578
721
1033
1224
13
1099
677
967
218
287
1903
2325
1173
205
313
351
257
191
323
629
714
9
1088
1999
5
19
641
10
1768
6
801
87
8
266
1082
1840
99
8
397
1624
170
1014
166
103
22
1026
364
127
41
554
25
1128
97
321
177
237
90
110
541
1005
1280
1797
49
843
116
306
1584
271
163
755
51
785
30
774
595
610
150
228
532
94
932
1004
187
370
1003
1611
13
42
278
118
1
2556
697
1037
350
1755
1859
104
2561
217
1623
877
328
194
330
190
765
264
269
562
150
238
130
455
720
1423
548
2
1586
60
3
21
210
1678
32
725
66
1027
1994
1
1594
4
99
75
1057
565
369
501
1445
1514
62
288
59
70
73
176
223
232
55
23
222
21
597
209
14
186
186
1293
2287
1992
8
561
46
503
392
36
841
41
532
1696
4
399
312
164
98
171
300
386
481
945
16
5
238
933
1750
1753
1
46
282
10
187
159
1736
90
1794
352
854
7
510
1
159
11
359
841
37
366
342
65
501
186
1280
235
313
49
682
1701
549
1
4
1225
1043
143
868
4
47
77
35
118
21
953
422
67
177
932
122
1029
180
190
4
713
267
853
565
28
351
395
192
28
447
11
18
38
187
53
655
966
1723
2154
98
75
368
608
557
274
1891
1095
18
117
316
1080
824
924
1949
691
30
1562
206
608
126
675
1
858
772
2235
49
158
1625
1114
858
420
10
408
1619
784
881
162
1
268
152
1
611
391
8
1119
150
3
519
368
2459
786
272
1200
1892
59
180
37
284
289
224
819
4
3
4
4
530
1687
2051
785
77
404
25
31
340
485
185
298
9
2
746
672
950
918
36
344
1861
194
1453
1651
912
639
370
2384
183
1000
177
420
18
368
6
429
497
1
16
118
248
1039
89
1
1778
654
6
406
299
461
95
355
49
186
79
77
152
136
29
1306
1411
693
126
16
423
629
347
664
401
342
710
1597
13
388
646
635
1446
567
585
839
818
16
415
667
696
600
8
420
32
2079
235
297
12
1247
653
1374
98
4
23
356
1108
39
1256
205
125
186
301
238
584
280
34
1093
122
493
1138
97
69
1
333
304
654
781
97
596
10
472
28
413
415
1745
169
689
380
1245
1773
102
459
235
54
1
18
770
1651
1057
1
1
12
1014
14
115
1399
10
338
32
915
713
539
119
68
1214
225
0
357
1319
12
438
373
763
1028
777
38
322
950
67
906
15
315
308
333
797
153
626
3
259
309
60
317
621
543
5
64
336
261
212
821
35
644
1
43
595
37
41
1521
725
24
362
137
382
43
41
1022
125
2115
7
2175
366
6
139
815
119
1047
87
13
528
292
23
30
90
390
2355
174
1387
236
1143
725
1820
11
9
181
18
22
4
941
214
356
508
117
1415
271
1282
219
798
45
1
1125
63
69
635
687
2468
45
67
26
924
547
232
289
31
2057
365
133
318
909
165
275
3
74
1005
1556
1441
1207
53
2
789
2303
93
728
62
4
140
287
7
388
523
638
8
1014
77
4
4
67
350
428
68
916
459
1
1649
300
565
186
1131
1303
8
326
18
297
9
60
504
79
473
7
1165
25
953
141
391
329
69
485
1
595
270
481
334
2232
942
98
807
440
165
363
675
1461
220
649
15
260
1188
258
422
53
951
497
445
1004
2
19
9
5
77
2540
209
989
4
136
58
482
15
79
501
9
228
1207
2178
520
1821
258
709
2151
224
271
27
965
681
4
191
904
720
209
1325
471
2035
131
577
35
41
1107
36
327
1236
441
678
647
37
148
290
335
2673
52
304
24
439
685
333
31
525
719
3
104
569
286
3
180
571
79
1
89
1033
118
17
36
372
1841
187
542
854
95
1604
170
183
122
545
26
87
1381
187
719
245
341
543
470
550
2142
1797
385
107
899
185
485
130
434
306
2447
103
268
318
1026
174
459
46
251
1375
144
180
249
100
305
640
69
1738
804
167
1177
41
494
277
327
1509
26
1619
532
540
118
57
289
1290
1213
37
402
1163
62
960
1334
1131
1442
375
149
196
156
123
292
1998
928
27
1395
217
300
103
16
27
4
1468
398
265
645
36
2
1281
496
11
1357
228
587
700
1134
773
246
414
1038
626
183
675
1097
78
1827
467
1500
1678
534
70
469
1095
32
140
622
2
42
886
1
487
1102
10
65
867
187
909
1254
674
432
870
1441
59
2
420
449
786
416
242
436
591
88
273
577
32
100
5
202
296
37
357
523
200
870
8
387
746
217
1
16
374
286
312
22
4
340
424
420
176
21
66
71
410
1298
259
445
11
11
18
33
266
746
523
433
1
147
537
678
366
509
905
217
42
506
247
1
1246
346
8
854
1198
133
41
363
322
29
277
695
622
14
124
389
1
1
132
438
293
81
546
581
232
17
106
2360
701
1
8
398
575
1537
948
228
1107
293
226
57
328
544
185
280
100
30
1198
1347
19
181
640
43
165
58
40
68
180
185
626
519
84
1629
1
107
1925
671
354
567
49
1595
513
384
675
11
53
1453
706
249
656
590
299
43
1745
1127
69
53
566
653
4
172
2
41
6
1092
10
1381
1
738
675
1601
2
622
322
368
710
1
328
376
672
436
11
324
4
11
97
38
1021
57
167
604
591
257
191
38
421
386
1138
133
65
1571
672
1134
1782
307
189
728
874
1199
183
80
955
110
839
845
287
926
91
477
63
1025
10
2392
1201
668
107
2275
1742
115
72
4
282
229
80
1091
1430
1236
819
1
1111
15
942
202
436
430
218
233
966
3
124
350
266
150
86
1026
105
1303
8
241
205
784
92
23
146
4
111
158
746
4
1921
919
103
1086
446
89
237
113
644
43
1315
109
950
1
183
86
8
1956
390
233
821
2425
8
436
338
1440
1568
376
812
264
12
161
86
18
1490
43
9
157
602
130
1001
649
305
522
662
932
1130
143
377
638
134
234
32
1057
74
687
361
1023
56
2261
55
592
487
129
375
813
35
2216
651
57
539
508
837
87
70
1618
245
133
350
19
1142
62
4
275
2227
1700
1000
57
1430
249
3
211
271
93
258
11
1443
693
249
232
507
8
92
243
74
4
23
661
422
298
5
282
60
1928
5
88
813
831
1915
87
69
113
35
299
462
4
369
1304
1427
508
2290
253
60
1176
256
384
1426
753
94
49
775
267
61
238
494
94
105
70
160
1
4
322
917
676
586
141
59
1900
559
366
268
115
65
542
67
558
963
588
104
9
676
39
549
1743
16
1241
154
1080
971
539
5
809
1142
130
447
499
821
235
227
340
589
447
854
149
1622
407
1409
27
625
163
922
1085
532
233
767
624
588
16
530
3
621
553
930
663
141
688
318
387
192
5
1069
462
30
471
1270
26
18
799
71
585
641
289
18
108
1009
153
585
173
6
922
730
1583
64
785
64
60
187
381
247
30
471
1019
412
777
1412
380
532
1310
111
35
348
5
51
539
230
181
733
138
18
237
65
668
275
841
719
70
8
646
442
129
621
1327
139
563
654
1426
205
533
1457
338
104
1900
1279
695
14
1477
18
187
87
1159
549
149
984
603
27
18
73
654
75
203
14
10
166
565
885
2543
1740
1009
6
287
77
460
90
101
93
29
4
647
14
698
170
109
309
434
292
1
343
38
303
527
684
521
124
70
132
949
4
609
1645
803
20
118
998
74
384
397
244
242
1528
1760
36
10
2281
244
69
326
55
305
389
262
381
73
1065
100
1229
112
85
4
95
34
380
776
704
184
772
409
661
21
1194
620
989
268
399
1635
18
192
1493
23
267
1457
1524
102
334
5
82
1935
497
258
770
130
1733
68
779
1580
2500
482
220
374
10
173
1000
43
66
429
117
1734
62
24
20
175
824
86
162
578
180
134
799
45
61
1912
708
903
17
111
246
2177
1962
273
214
1665
547
140
311
4
18
1206
34
967
546
119
885
1008
779
501
308
991
215
288
343
2263
33
195
116
1779
491
2012
9
1366
11
55
265
9
140
1028
210
846
130
42
601
520
113
328
454
107
49
18
2068
49
8
550
77
137
125
286
749
434
217
113
1104
821
252
57
65
30
184
369
593
80
299
1958
75
68
214
9
97
603
1744
1490
9
792
31
952
416
204
367
735
148
1246
213
962
49
60
106
2004
1088
733
1871
232
2115
530
215
87
556
96
142
323
716
216
795
43
21
397
595
252
619
358
1
4
601
479
655
518
213
24
590
844
39
632
26
1
370
1
934
4
113
4
1670
839
136
625
333
1371
203
145
1380
2372
182
57
2
67
584
181
1
186
766
622
1530
579
496
381
56
343
353
354
936
305
593
509
646
1676
18
467
578
466
427
684
927
38
1284
784
768
278
734
43
1269
137
161
688
754
19
148
1000
1336
314
164
101
1666
159
1639
1403
154
486
105
761
124
815
286
2112
388
32
113
1382
1307
420
1517
276
44
0
1487
113
1887
1
971
454
275
84
4
675
815
12
920
100
5
162
188
11
1581
11
796
562
125
748
21
466
385
525
80
60
16
287
1621
1633
11
1759
13
882
18
23
279
315
100
425
248
964
341
1260
108
134
65
28
368
693
1476
456
81
79
27
160
39
1317
195
112
140
43
342
675
293
37
5
1029
111
670
14
30
127
237
122
151
723
1651
1509
18
862
417
467
9
47
1026
322
466
67
26
28
471
24
912
50
1654
17
377
575
362
356
81
1114
57
443
903
719
249
511
165
2352
257
225
338
68
265
479
167
165
298
37
264
758
1690
285
987
10
511
73
1
277
18
1
132
366
822
23
7
1166
427
246
522
122
288
324
288
620
3
177
314
54
867
1027
260
92
318
779
1295
45
736
1950
17
116
673
531
150
199
162
46
167
969
67
176
2271
293
326
334
101
21
527
1000
551
628
66
1322
133
12
3
1782
433
11
294
150
850
18
96
630
768
303
236
174
57
26
126
42
339
97
75
296
1732
436
1
475
1023
122
33
74
441
224
1094
16
265
776
1081
49
16
643
382
219
602
708
199
558
252
4
135
77
204
264
7
213
419
207
1
145
446
2
5
810
1120
143
71
361
115
1356
640
668
1346
15
1285
118
39
1657
110
126
390
640
173
647
98
1204
360
167
31
1195
11
322
18
313
437
185
284
248
333
43
1
82
356
690
18
947
431
51
434
13
167
327
143
1845
91
269
368
4
678
76
18
21
744
473
9
1
558
1110
280
78
1167
1526
75
390
1745
1223
125
356
501
56
839
572
22
1247
391
931
314
367
94
139
105
633
224
23
332
147
648
1631
1
40
1207
299
174
275
289
353
113
469
209
132
2463
305
1042
669
1
1941
80
1984
868
26
650
482
152
7
447
116
18
1276
81
419
219
351
5
153
1194
69
288
197
58
96
22
11
679
1
486
301
650
42
1
1266
291
1410
259
267
103
34
151
552
4
12
234
346
622
368
807
1
1
4
685
151
18
154
512
1718
1805
1113
560
2
104
8
19
725
58
4
88
2065
746
5
607
195
928
587
933
512
926
31
192
3
0
15
1064
633
1800
399
8
186
501
371
18
194
346
205
422
44
197
843
624
614
734
148
697
1177
363
1089
183
1804
120
1091
167
391
257
345
583
300
391
234
2372
917
191
1519
282
5
650
156
625
197
44
316
211
245
2446
723
1021
1826
2480
2480
1108
185
119
48
411
65
236
179
17
949
150
1069
95
301
1860
136
368
30
116
30
606
38
1503
461
917
227
164
194
588
131
572
8
1130
177
859
98
933
1420
125
251
144
944
37
968
584
5
56
84
520
2
135
277
151
21
336
1076
146
186
4
1335
540
4
10
1293
197
272
1561
5
770
37
25
9
1
14
427
235
742
192
781
94
1344
40
438
265
139
95
450
787
55
15
359
22
131
11
17
1017
152
69
118
10
567
2006
852
275
315
1683
1
573
13
842
323
110
971
141
11
190
817
169
571
303
291
1213
223
332
31
755
63
36
1170
993
18
145
1
73
431
18
244
80
413
809
18
224
533
66
817
2352
406
718
205
463
431
502
172
1184
143
482
575
194
332
120
2092
153
417
1802
385
38
312
130
160
411
903
1069
923
969
306
406
643
27
258
113
492
109
80
379
1151
502
2231
1615
185
721
343
54
752
11
368
1
5
11
1200
190
79
995
271
35
459
67
568
343
1005
660
727
1560
114
1223
70
517
2143
869
161
650
2338
390
164
1
156
154
1613
267
104
84
800
267
106
9
184
2015
487
430
65
45
35
431
116
539
21
542
5
812
1400
45
417
258
437
1751
118
210
377
1152
340
35
741
57
8
118
1795
138
334
355
1
620
212
376
57
214
841
1
1355
51
210
108
105
8
225
1789
1557
400
665
160
224
130
656
195
195
583
655
818
67
396
483
407
4
1770
9
230
1219
236
1080
13
949
551
439
4
169
1013
91
25
11
267
106
274
566
4
71
84
1140
2176
950
24
446
761
1562
1573
600
298
130
50
339
628
31
100
1852
104
1855
719
751
394
222
291
745
589
213
268
572
132
0
92
166
852
866
183
285
374
690
