70
62
456
163
1557
359
169
428
194
70
364
593
296
99
4
166
435
632
1
1315
21
137
72
375
111
674
491
1398
96
339
280
1
211
94
890
0
757
106
428
478
637
133
357
1009
422
706
224
111
231
677
21
990
1361
113
682
393
6
186
295
288
28
1586
82
186
21
92
64
416
127
453
174
500
8
374
257
10
195
441
213
2292
183
437
220
107
305
86
32
53
503
237
127
0
746
237
181
842
350
13
529
946
34
861
1
503
11
969
8
1598
67
192
2604
30
1044
423
2082
254
1300
143
243
2214
727
33
1502
210
1275
254
420
192
173
517
586
906
333
514
459
1035
247
161
171
54
838
1053
20
228
379
5
981
499
57
542
1142
180
20
2493
19
18
432
84
12
51
503
33
1130
1509
0
94
99
1098
8
187
2363
142
263
136
212
399
125
448
629
4
3
145
30
518
1442
424
1936
0
2
567
740
99
2
94
441
799
336
578
993
62
809
132
1625
21
1011
453
54
405
1263
1752
325
137
37
6
105
1454
434
226
441
950
29
1
65
828
17
1186
13
98
2314
451
60
138
799
142
1887
167
990
110
251
98
900
290
449
20
219
318
500
390
363
27
1644
545
542
65
805
179
397
161
780
1142
21
147
10
48
668
195
288
76
241
145
1968
152
7
82
273
6
166
32
546
181
428
69
31
459
38
1920
787
759
147
24
228
22
4
65
39
291
421
570
56
584
69
819
532
36
1182
620
1862
55
67
300
968
135
955
783
2403
112
98
101
1161
521
134
425
282
165
757
182
128
514
45
46
692
512
207
15
870
757
12
36
193
140
91
42
503
302
1760
140
82
149
626
188
45
759
1045
511
1566
1367
33
663
502
294
639
50
391
176
700
1161
342
517
14
471
38
573
793
63
259
197
204
149
1608
26
16
4
1355
62
1015
541
221
77
69
248
49
197
873
126
1451
366
60
778
255
54
2529
1216
55
349
53
77
1173
16
451
214
32
564
62
36
698
1607
1138
279
1477
60
621
72
33
337
461
1916
257
277
951
442
1358
930
751
105
112
704
165
27
67
315
2205
314
988
363
936
1042
50
479
18
31
10
56
47
131
206
34
638
1071
12
673
405
0
384
880
2
223
38
689
54
1020
94
575
318
525
31
453
1175
92
9
127
1531
141
428
2027
668
412
114
273
124
285
2775
432
51
67
878
291
25
384
276
419
80
154
236
475
717
225
793
1290
0
8
1528
49
1645
2
98
564
1654
34
1106
26
9
648
184
662
219
201
870
135
170
12
40
9
2457
144
582
1112
6
17
35
234
35
1200
19
408
217
33
632
132
14
3
1108
1481
1109
663
812
208
1739
4
128
928
99
534
27
3
1457
0
882
32
102
130
32
320
587
460
42
9
87
325
1063
668
2
1388
560
768
87
1586
258
2235
200
77
378
124
1773
65
1145
737
118
1525
489
1212
206
808
47
197
620
147
1412
202
12
192
851
1
619
312
192
44
7
188
1286
1495
221
353
1
330
186
205
585
2405
397
45
654
6
64
709
66
251
655
734
186
127
877
30
82
50
253
87
757
58
164
319
103
747
698
252
26
554
576
52
670
196
90
686
14
533
299
422
699
46
130
37
1667
284
51
33
358
889
37
1
308
440
1132
0
958
136
413
298
535
102
1140
363
22
197
206
296
174
306
229
310
229
105
215
287
191
421
474
1032
8
1170
564
2376
6
236
0
339
106
4
871
47
227
1002
389
1184
944
1187
43
30
49
0
502
21
432
325
12
1140
847
80
1278
62
670
1062
972
78
22
498
664
1314
124
48
158
163
14
808
115
43
506
1
83
380
1
31
34
317
511
943
1273
112
194
43
493
161
1098
1175
1820
108
641
267
563
426
10
1235
548
65
97
368
2253
264
883
715
403
24
261
1561
1275
159
225
118
66
263
13
34
239
121
0
1
35
51
74
1709
190
43
692
155
1039
31
1304
355
969
40
234
214
1271
114
4
350
1598
73
406
54
473
1456
716
1393
965
237
91
404
807
277
36
707
138
1104
529
303
1832
697
26
698
760
202
846
246
400
75
364
1105
189
4
86
28
207
2
116
391
32
43
308
1394
657
799
226
316
307
243
114
202
15
335
442
165
0
880
438
391
36
151
66
104
163
86
226
131
759
329
15
3
325
502
873
849
69
62
1403
162
436
1
927
62
10
28
414
488
508
645
118
16
20
1138
4
403
252
1
640
3
19
200
793
1176
402
236
862
1009
16
466
907
201
14
467
12
927
102
15
1149
1135
184
97
1715
1211
256
1
16
1502
1145
136
837
104
783
314
93
852
649
694
292
1720
767
692
44
849
228
7
235
1153
364
753
154
414
1741
114
543
81
149
129
56
785
1912
194
1009
1429
47
923
982
1317
46
529
34
873
346
287
1361
425
9
987
549
2166
415
873
35
21
288
303
136
65
0
21
0
23
569
19
2322
1229
762
973
159
1281
26
158
1051
812
1134
673
324
2479
88
979
764
834
406
512
150
1262
70
612
1053
320
1869
480
394
178
111
317
1375
23
1135
187
2244
215
9
280
588
1109
3
1702
931
722
154
28
99
347
556
1199
198
227
1041
52
87
397
536
598
25
128
1785
260
1069
380
67
353
600
15
161
708
142
645
47
0
1250
21
167
1010
10
90
1116
83
308
541
126
10
285
391
513
229
269
291
913
249
915
38
17
787
733
166
1471
909
947
187
1801
436
2184
366
724
360
1
144
80
967
489
65
8
104
757
1399
1177
670
2636
467
480
1429
577
100
83
45
474
539
468
52
1373
355
826
567
182
126
18
1134
68
1
1707
26
2014
175
992
545
621
561
29
44
2002
34
45
6
541
124
2
90
390
570
627
1218
67
1110
64
25
665
404
75
611
1204
9
483
732
89
468
40
60
0
372
574
96
291
87
6
861
132
126
363
61
88
28
173
474
1547
330
286
1688
1
400
228
26
994
321
19
349
330
942
412
1151
1161
12
71
1159
1
32
660
65
410
667
125
115
1469
1996
46
242
1126
766
749
514
1219
12
1518
1991
214
924
630
439
669
354
8
36
1314
1386
204
513
132
24
1901
1472
850
1740
763
645
76
558
56
728
47
45
1476
30
1019
572
1060
1419
1446
47
162
30
15
146
165
206
294
12
537
48
0
29
328
968
28
184
343
43
140
186
217
477
1561
885
131
75
1536
1239
975
658
109
623
1908
1610
1880
710
1108
1139
407
167
111
374
12
98
2147
308
119
170
498
423
694
52
281
299
4
156
32
234
574
404
46
139
992
917
1706
637
203
1318
4
272
1
122
33
1204
944
850
325
15
151
400
1490
465
96
1586
572
340
854
1026
570
1776
249
936
33
140
56
1007
11
384
1379
115
265
2
258
264
1423
310
253
359
114
1
49
289
544
739
452
666
25
27
567
390
876
994
1320
1951
4
1
35
297
918
447
47
136
1150
1159
718
735
67
149
68
1726
1244
943
704
182
328
730
0
8
392
22
109
146
883
837
316
1057
40
118
346
87
96
955
999
87
70
30
1709
127
229
371
373
529
39
734
65
9
3
491
869
1735
42
290
265
518
382
404
302
9
596
1520
82
235
160
1995
1
32
332
6
98
20
93
264
2
436
429
234
637
65
16
173
50
106
1137
2259
493
13
31
1987
44
109
811
1125
533
61
7
106
238
630
65
4
79
835
215
402
26
435
17
5
12
1
430
1005
149
51
1023
185
984
1608
90
1408
0
818
23
1238
394
918
210
721
114
217
1206
248
380
0
162
14
605
264
253
456
107
312
1
57
99
287
818
19
190
33
2265
50
303
51
52
44
103
839
620
629
224
537
787
203
639
50
92
227
81
1510
555
296
40
1
887
427
1
620
477
79
200
736
643
54
272
30
395
1580
706
775
142
325
136
279
542
1546
69
227
164
246
0
94
37
334
1358
60
362
115
819
829
134
188
877
239
1451
561
0
16
32
1136
72
306
378
586
1335
70
143
1365
66
773
55
0
695
12
671
134
58
1268
323
36
420
64
1363
448
7
4
290
788
428
116
582
7
266
634
29
229
700
26
2448
1414
240
1527
130
22
851
372
288
19
6
1476
603
375
56
364
423
642
0
430
32
1019
4
71
1979
869
530
95
1059
682
321
496
48
80
302
13
605
1346
50
1389
433
2026
1190
615
744
85
50
79
281
360
14
1097
135
36
73
275
538
190
593
1186
2747
1509
31
156
31
0
9
2150
562
25
608
13
395
1053
604
1358
697
52
94
17
1056
1223
537
618
2575
1587
169
226
90
110
30
145
204
1566
807
1114
333
23
121
111
355
1285
25
82
0
12
22
360
56
240
477
601
168
15
433
79
544
73
1037
149
263
947
47
56
21
51
414
265
19
14
42
362
909
103
565
122
288
203
45
16
26
387
13
1173
1508
603
269
111
496
560
7
2116
127
52
461
155
454
473
49
441
1096
182
45
7
673
0
22
1412
1326
232
80
160
340
88
406
15
331
76
44
285
235
46
309
106
21
75
30
1149
293
241
34
1559
257
986
280
1710
29
1325
52
430
632
196
1461
58
759
1137
9
261
122
97
1075
15
28
377
317
136
87
30
919
9
549
1680
327
192
96
1252
1607
1072
1191
304
142
279
15
756
396
145
869
88
132
1396
322
859
481
486
259
34
117
192
303
1441
374
336
69
52
213
519
133
336
2
696
701
747
2080
246
409
22
1821
168
1680
264
8
2
83
1876
467
106
138
254
682
64
1177
687
28
654
82
1
1120
975
183
1
597
68
1715
22
1161
21
376
3
31
86
300
362
225
1021
151
2082
30
2
700
6
2
536
296
45
467
164
1355
170
464
494
817
397
1930
249
679
1135
222
2125
541
326
88
261
24
192
649
129
26
128
50
1604
267
78
1416
30
699
475
698
76
1040
1003
888
47
62
437
56
44
1163
647
586
561
338
153
550
21
669
908
266
330
96
463
162
46
442
720
60
772
58
318
648
297
10
786
1
63
195
1122
344
344
933
540
44
267
159
688
178
7
1577
363
70
242
29
137
114
160
751
49
45
1873
1103
205
144
290
4
1992
130
1419
6
788
399
26
194
1627
4
591
35
12
964
59
332
4
79
648
4
1545
213
271
218
15
934
36
227
450
2512
26
208
1302
824
978
8
119
132
1328
15
15
180
1882
1
44
1
1018
222
241
241
128
1
462
388
449
60
394
248
1528
362
116
830
322
1
638
190
317
600
154
1291
1771
340
23
272
246
362
197
1389
800
224
4
1467
487
174
91
9
0
1361
0
42
137
43
252
56
1004
71
22
723
1998
228
54
397
517
557
215
203
114
727
2
54
1395
53
355
91
462
254
1
1350
388
193
216
905
17
231
65
49
1
743
280
283
150
531
224
254
131
741
1330
1692
533
2187
25
440
89
15
173
302
1580
246
115
157
21
1808
738
59
168
178
268
113
178
426
486
1111
6
1
291
1266
87
4
513
444
1288
1356
0
226
1103
1127
3
2
35
7
491
87
121
46
809
154
980
102
253
167
385
881
300
1899
2
269
72
1174
7
140
47
1760
5
120
764
422
633
636
145
291
474
26
1052
518
254
210
25
8
76
186
1355
391
47
293
90
1658
1078
747
23
382
1241
5
33
116
310
12
21
281
6
184
131
6
589
1
580
472
43
607
236
550
133
1108
356
189
285
997
1024
31
298
262
415
37
0
801
26
604
1133
529
140
295
924
1034
265
521
731
770
1482
516
1447
114
1
471
617
1665
13
2367
635
56
382
28
231
23
204
50
209
0
1386
451
206
22
1507
1251
344
1082
878
698
421
345
409
589
1741
143
38
1222
1312
120
113
564
3
93
206
584
663
159
6
21
367
631
236
1747
81
238
2250
222
606
54
296
1393
562
2063
47
685
40
589
658
201
1437
80
1122
251
1002
355
35
1053
2031
1206
613
240
115
28
126
362
142
276
2120
121
303
392
305
536
852
202
1089
847
602
84
1156
1915
219
120
201
364
74
392
359
1256
641
10
716
382
1204
794
1
322
231
230
659
38
810
292
75
938
831
1099
17
52
2
216
1271
556
124
327
205
2286
23
269
26
1798
13
215
242
134
131
196
148
1211
101
305
178
2
1
114
426
8
178
31
111
282
481
779
610
72
117
15
527
361
1320
1143
383
428
375
1071
266
55
222
1957
49
214
215
4
25
382
1030
0
500
259
25
510
252
197
325
1507
616
1088
317
107
1122
98
536
1
25
729
811
278
274
118
476
146
183
276
1374
26
253
282
600
290
443
7
435
703
145
1280
1010
747
62
6
294
11
1287
390
32
4
506
502
383
289
99
884
1138
3
4
1457
64
860
86
54
488
523
158
49
66
127
681
436
73
674
435
325
2001
463
858
628
1088
627
2110
576
271
104
1191
63
1647
314
237
27
246
1117
1945
320
48
1097
6
485
1395
553
1
272
1502
27
66
2049
42
1227
150
2511
559
479
214
52
837
1060
1018
14
215
824
553
516
926
165
110
289
111
550
609
373
111
199
304
875
438
1
94
926
710
259
1410
394
137
199
901
22
27
1118
58
587
23
792
264
181
1513
21
230
69
1175
320
24
298
811
459
554
264
315
6
136
2598
1453
2062
734
366
166
189
108
62
161
606
64
139
50
270
281
975
926
154
451
1
518
10
20
20
1
155
165
315
95
52
2230
180
1154
1163
2
933
375
49
23
99
239
755
226
71
59
619
2044
99
33
295
22
1275
23
247
19
603
44
40
1078
184
309
686
7
309
86
2
464
205
509
573
292
2214
68
24
198
519
96
86
190
2
132
1513
1529
4
1427
325
8
4
1
636
503
29
890
2321
1573
1
392
55
378
72
590
19
2119
1786
14
127
88
568
324
92
1
1281
351
72
909
1522
1
0
1033
738
390
1266
110
38
45
1015
177
6
380
635
1240
154
191
559
6
28
679
203
1403
47
362
249
291
547
585
760
605
177
512
233
119
672
1730
642
601
511
389
1
103
1803
52
147
22
137
1778
1071
8
57
40
1319
766
41
270
719
1102
436
206
406
60
83
47
1769
559
265
899
2
254
736
262
44
50
461
297
29
128
415
364
507
36
56
40
443
70
236
225
1304
20
234
211
167
1030
761
72
227
418
1405
1019
344
338
1947
559
58
1116
1
1
28
52
4
90
74
658
605
401
22
651
144
9
789
263
42
1537
33
648
292
162
585
52
269
48
44
296
79
30
759
41
0
1663
71
1059
68
274
10
172
2937
765
723
616
1003
80
861
426
638
303
