1325
19
361
137
168
434
170
57
896
360
168
950
324
2158
338
510
116
215
1550
1163
132
896
2054
94
137
359
259
297
1973
1061
199
1475
510
365
343
225
804
235
235
279
19
281
365
236
894
1554
1619
116
1163
2443
1964
510
484
784
294
91
660
132
739
983
1087
195
1319
273
583
33
1932
876
146
365
371
203
593
360
240
397
720
1790
434
883
2058
137
225
359
1795
503
468
94
593
1284
816
1233
1212
731
310
57
703
215
365
19
337
849
809
74
43
57
2212
361
365
365
1601
360
495
1761
1232
1882
57
74
149
1625
855
264
1032
2362
1163
57
1693
1301
281
1212
484
855
119
235
195
116
74
235
235
19
1094
510
1604
548
1326
434
167
33
215
192
351
840
1547
208
1823
1018
116
613
281
19
446
916
574
215
408
738
1536
438
57
931
360
106
2332
132
57
410
2434
579
365
1795
1625
591
74
19
468
217
894
593
593
405
1625
816
119
112
983
720
849
235
33
57
362
19
192
106
74
434
1102
324
983
365
280
365
446
139
338
1091
385
168
195
57
510
468
218
652
438
359
338
2565
397
431
371
215
434
738
242
1438
365
310
1330
19
685
748
405
199
57
1762
94
19
862
94
57
225
434
685
19
894
43
57
894
434
597
896
240
510
434
1161
1084
408
1882
137
273
137
137
720
484
281
397
57
57
818
656
1964
1870
365
967
365
1190
1691
657
968
804
792
816
57
1024
661
1915
741
280
1079
215
1054
1891
297
235
1212
132
855
365
1888
748
208
338
1190
968
1953
279
1475
1508
168
983
515
1024
215
2406
19
235
57
297
137
94
137
19
1625
43
236
338
192
1385
1238
58
324
1844
195
74
510
58
435
468
983
510
33
19
434
57
371
94
199
1460
706
137
119
57
389
324
1236
33
365
57
137
33
841
74
876
1895
33
215
236
257
116
408
371
804
1084
203
849
19
484
389
512
106
1460
687
146
203
57
712
371
132
106
611
371
19
1731
434
146
1212
663
2450
438
57
2158
146
192
195
731
2206
510
510
137
1288
192
1693
208
1100
365
542
660
199
33
146
74
862
534
203
1296
74
240
119
1691
1359
518
119
365
1163
264
119
94
74
1353
137
33
146
215
732
1672
687
542
273
146
167
608
19
281
272
1461
57
208
74
279
639
894
1027
968
116
139
510
1326
91
43
235
953
57
1973
1079
175
338
663
94
2147
365
43
518
242
2158
586
280
215
240
597
43
518
119
660
81
593
131
1625
235
1895
652
518
1007
639
2176
1019
139
91
438
81
365
19
2469
2740
58
19
732
208
597
1190
1440
1795
983
1075
58
1288
1691
738
434
1169
1582
146
94
1360
639
1007
116
1672
33
1212
434
738
57
57
167
175
116
593
1731
235
980
408
2445
19
170
19
365
953
503
1163
365
19
983
146
279
1328
732
845
215
57
593
57
1604
1351
57
242
195
663
739
137
731
1087
408
867
235
57
1892
235
58
365
983
365
281
365
137
324
225
208
397
816
548
663
280
1231
685
499
225
397
280
2565
371
1091
119
894
548
19
94
235
106
738
137
1079
58
81
1163
365
1625
257
235
408
468
784
1409
365
1409
57
94
980
1087
843
19
235
280
137
1360
687
1875
510
1469
91
1547
195
81
2147
242
139
894
215
192
1761
137
240
235
613
371
19
1236
786
369
983
19
408
19
1091
91
591
542
294
343
434
1080
57
1102
43
57
894
116
365
235
739
579
119
197
397
434
57
1946
1438
639
242
1604
365
956
365
167
199
81
19
608
57
957
170
1329
357
19
279
1691
19
74
297
809
894
43
343
324
137
1353
1354
844
894
2469
731
240
81
397
19
57
359
952
980
1212
106
365
1091
252
235
1409
534
242
685
215
94
739
19
656
656
81
235
1024
217
359
518
132
484
137
365
195
862
1024
43
19
57
235
510
225
591
1870
397
495
1330
434
720
365
240
2272
1589
361
660
1907
434
137
58
438
137
385
1163
297
132
591
1361
542
1079
58
94
534
832
33
137
58
2158
1973
1907
137
503
57
894
119
57
137
512
1308
1161
225
57
1018
343
57
542
19
608
33
2706
1732
365
137
33
516
215
235
235
813
510
281
43
132
116
2206
593
1941
510
371
112
720
131
1875
1308
170
1732
57
593
359
57
131
235
281
19
19
1550
608
2128
365
259
510
281
1007
1932
175
510
870
738
170
597
146
741
1882
593
2170
119
732
1351
195
131
208
615
218
2212
950
434
94
112
280
1161
146
235
1091
74
257
685
1079
685
192
1604
137
732
431
19
57
137
365
361
359
197
199
434
1795
137
1547
57
195
217
980
685
397
1141
182
845
1508
706
1105
849
2443
19
58
19
57
360
408
215
499
252
1941
1084
579
19
175
57
19
1475
365
139
983
264
57
784
591
1079
57
510
503
1330
360
19
516
748
43
1507
1459
2054
984
57
119
1761
408
19
94
57
131
837
175
281
1140
19
1091
784
361
215
1232
731
862
19
33
534
1288
608
583
1079
2048
19
663
149
1212
365
548
257
894
19
33
215
139
132
168
168
360
58
365
957
168
175
365
1438
896
804
1719
2174
203
242
1296
94
1005
197
94
434
706
57
57
446
1205
1190
57
849
519
343
720
58
685
712
371
57
365
57
137
119
608
57
225
1691
137
43
57
359
57
242
236
57
516
81
235
1761
137
137
57
1945
495
1319
738
2056
116
112
1941
19
613
1079
137
343
652
1021
784
1161
2130
1075
741
1326
94
167
132
983
783
57
483
235
19
495
434
2058
862
19
146
235
1084
882
297
1460
1354
91
58
116
43
19
131
1102
91
687
433
19
167
19
208
1361
57
845
894
894
896
208
81
94
57
343
236
199
33
1319
468
2469
738
297
91
149
225
1105
1915
132
1102
175
739
362
983
2147
2362
365
1212
2147
132
19
542
215
660
1386
685
74
1604
365
1079
1232
175
94
94
499
225
1332
434
365
338
57
983
1200
2406
197
235
235
361
661
19
608
2332
57
732
484
685
137
685
495
738
809
199
1526
434
894
279
33
542
43
170
19
1021
137
434
19
2212
516
257
385
1100
19
168
215
242
385
1870
980
351
720
19
505
19
1625
58
739
74
365
192
720
804
1582
446
280
57
460
1888
397
310
91
43
57
1248
1236
57
1326
131
1032
579
524
199
408
2457
91
660
91
510
1091
953
1790
434
195
116
608
74
855
116
708
137
19
1024
235
983
57
132
1007
687
597
1021
131
33
371
225
2168
137
235
19
81
542
170
58
397
2058
225
2011
58
236
518
1907
687
876
579
434
137
663
397
968
896
225
365
2330
1547
19
1353
19
687
58
106
1823
438
137
495
1353
608
235
175
215
360
58
365
1882
685
116
419
1304
330
579
1547
132
1625
1024
593
338
225
19
112
630
365
33
236
192
1021
81
297
499
19
197
663
1586
816
1102
1094
499
720
1275
146
192
33
273
19
484
1508
146
663
862
2212
168
613
953
57
434
43
137
57
137
365
1091
43
2561
738
1359
197
1973
849
215
57
1691
849
510
515
983
19
359
894
19
365
19
19
132
2691
195
876
203
593
983
74
804
385
1678
1028
434
19
870
199
361
57
57
217
849
235
81
137
784
197
1236
57
252
397
19
170
1102
1163
57
518
953
57
1232
57
397
460
19
968
57
579
613
611
483
203
407
639
1141
983
499
139
1173
57
116
491
611
168
195
236
816
235
2058
361
2096
1200
137
1014
1212
19
360
119
19
738
1547
57
338
1024
1094
1091
131
119
783
116
273
139
813
235
434
1875
215
203
137
132
2147
784
1536
57
19
106
33
1554
235
876
1761
19
338
1550
983
170
338
1092
738
137
983
1100
495
57
19
43
324
19
281
225
1092
876
876
365
434
57
43
137
43
43
33
809
1674
139
1731
132
499
510
57
137
139
2206
593
408
215
720
19
2120
870
132
953
1875
43
712
2170
43
137
608
137
365
19
495
1941
518
1296
281
483
608
663
1385
2212
1941
280
953
240
43
235
1019
343
132
845
849
542
2651
855
235
57
597
235
597
225
91
371
660
1161
225
1761
1764
281
119
137
2330
19
338
849
1161
170
175
1354
611
503
337
137
1625
137
1163
57
58
137
365
2206
483
217
855
1094
1018
33
731
57
882
434
43
661
215
1189
273
74
19
499
91
2206
1079
365
19
217
1079
19
132
19
2183
579
1531
946
1308
137
1674
19
119
2983
57
706
57
57
137
1870
280
741
410
19
1453
534
2983
579
804
57
57
1599
1484
310
1328
1214
146
579
1586
264
137
131
1964
192
360
574
685
19
434
235
2147
294
225
235
149
608
33
116
953
19
1625
1625
548
74
1359
235
1734
337
3000
518
365
57
343
137
106
1019
235
1619
19
365
656
1024
967
804
365
687
359
360
33
149
235
264
359
1722
1079
146
74
365
235
660
192
685
613
338
19
137
236
280
1102
168
192
137
518
1440
365
273
137
1460
685
359
1359
132
57
1332
870
896
1460
981
660
106
687
297
257
58
1460
281
168
748
297
1192
746
215
19
542
235
2330
1024
119
57
784
1359
510
338
1019
116
132
19
1732
199
199
360
1941
137
1870
19
1460
518
57
499
58
57
119
1296
137
279
94
397
1237
19
983
19
446
215
2147
983
19
518
1811
849
175
510
131
91
1554
1703
240
656
146
953
748
1870
1946
116
235
259
1457
137
613
739
235
518
112
310
784
112
168
235
168
297
19
685
611
91
279
408
542
849
510
608
116
512
106
195
139
983
983
1547
116
74
365
74
720
499
510
1691
119
137
294
137
94
132
685
2928
597
257
408
1236
1104
57
408
685
593
132
235
170
19
446
215
57
613
738
91
434
74
1547
1094
57
132
19
484
139
657
503
661
361
19
1703
1212
57
19
2443
257
19
137
1624
137
2406
1550
503
1888
1080
280
405
1161
1732
365
192
1460
1075
1601
882
19
371
137
1319
294
816
720
720
644
1136
119
57
2158
1102
1397
119
1214
434
1761
510
371
235
57
894
235
33
656
652
264
813
119
94
438
1236
499
146
515
516
359
360
1691
359
495
804
235
57
74
273
137
816
235
804
365
720
81
1296
137
240
1330
1065
215
360
1354
57
1190
137
324
896
208
542
809
19
225
2434
33
2048
192
1200
167
1161
33
510
106
240
19
1469
1354
1104
131
58
74
19
632
365
720
583
894
2313
896
146
983
137
137
1319
685
804
894
801
1231
215
1625
146
170
1024
235
116
57
57
19
1599
503
732
19
434
1672
33
685
685
1084
499
408
139
495
259
894
495
1932
1360
217
397
1359
168
19
1360
706
33
732
242
862
273
434
235
235
438
983
57
1761
784
132
195
487
732
518
192
170
168
281
280
58
510
146
137
315
33
1275
137
338
235
365
1592
593
343
264
732
74
137
1102
434
434
170
1332
195
748
687
2158
804
1359
57
583
1625
215
1354
225
365
1332
579
297
732
57
1032
534
1304
744
876
91
235
365
983
685
685
1190
280
365
503
137
930
197
748
837
660
19
1547
983
981
58
385
43
1087
389
131
983
371
175
131
446
1625
1797
882
137
74
510
74
1459
57
19
1731
81
2469
1021
434
2406
510
168
1289
74
19
1212
983
1007
137
1211
438
510
139
484
593
94
741
324
195
1284
197
2272
19
542
408
1547
94
215
43
57
43
19
408
208
280
365
741
132
137
137
137
338
33
137
685
294
225
195
19
365
983
132
499
1021
385
2056
116
968
19
741
968
1080
706
1024
19
732
252
315
1190
131
19
57
19
215
235
862
324
669
518
225
510
362
397
19
94
1875
1296
170
1102
1104
896
19
663
1475
91
131
175
816
19
365
235
1653
720
208
351
706
273
1619
385
19
235
33
242
235
1161
434
593
894
1329
809
137
896
167
19
515
297
116
43
81
259
19
809
586
175
510
2469
499
119
139
1804
330
19
687
337
1237
1301
235
132
337
832
1547
192
91
19
1547
137
1547
2074
132
661
1079
2351
389
19
57
81
804
19
1091
433
468
510
168
112
781
149
217
294
1547
1296
1409
365
804
708
579
149
217
116
706
168
365
57
137
33
242
359
74
644
748
360
1761
297
685
1021
175
510
660
33
137
338
365
225
57
2120
1986
139
175
57
57
81
1580
149
236
1351
483
57
81
845
137
495
1091
365
119
762
264
882
512
360
593
33
242
361
1354
119
294
19
2443
1761
19
518
687
433
579
57
235
116
2313
365
57
235
660
19
119
495
137
685
281
235
240
19
192
215
611
495
94
43
19
708
1027
137
1360
43
338
1102
19
139
94
1161
1941
720
359
408
518
119
137
1672
281
57
338
170
433
281
94
208
137
389
816
981
882
57
862
784
43
1161
656
1732
1212
1296
1402
208
468
242
19
57
1236
371
896
273
516
33
611
19
235
19
510
217
1964
215
131
510
519
19
1508
876
365
19
1163
137
273
1353
565
19
597
225
297
548
58
361
131
360
783
131
168
218
1319
199
257
397
257
706
19
235
1296
1021
131
660
1319
337
149
1289
43
170
57
1484
168
132
19
2735
235
58
558
660
579
116
137
1761
1691
1332
894
746
438
94
687
19
215
91
397
1289
1066
371
957
894
58
2147
371
1163
199
1200
1460
968
608
132
225
499
1212
862
503
1722
218
483
661
1100
385
357
706
460
510
591
518
208
197
840
1273
894
19
639
235
408
1875
365
983
510
297
215
813
735
518
43
741
81
896
338
264
591
2212
19
215
94
1061
19
748
57
397
1875
146
43
1691
579
1359
1007
132
236
1007
1731
57
1236
19
119
175
1289
57
279
748
625
579
408
463
19
208
495
131
168
19
337
1313
146
57
57
732
57
195
1536
168
235
706
438
1438
894
175
235
43
146
849
81
280
639
132
116
43
215
119
19
19
685
192
870
337
495
91
19
1308
19
397
433
242
19
168
273
365
983
1809
19
542
259
516
33
468
1809
1163
131
1094
801
365
548
2028
1255
58
170
1892
19
983
408
1300
74
499
208
242
748
1529
1161
639
119
468
215
365
1547
131
197
816
495
681
360
360
1353
1734
1212
146
1653
685
385
91
294
660
94
365
132
168
542
2362
146
131
1582
510
1531
597
81
264
57
593
1319
656
518
235
264
981
94
1835
613
91
236
343
849
119
365
170
19
1732
681
463
139
408
357
338
19
720
516
968
597
1814
235
656
862
1212
19
240
19
236
1460
132
43
845
240
19
132
167
91
137
19
324
137
139
579
706
116
137
515
499
149
706
94
58
608
385
1161
1102
215
685
91
74
484
235
1453
932
215
170
137
43
280
579
837
953
515
1091
1284
953
324
434
1163
91
57
687
1212
593
2147
484
433
1360
1475
337
1351
273
1595
81
371
434
192
434
1653
685
542
43
58
748
2168
19
