149
135
169
182
111
161
1515
1355
1736
2239
249
682
1721
1992
2006
1036
652
1810
577
810
471
1122
513
107
64
1907
1482
1707
531
972
679
197
34
382
7
107
623
573
132
767
61
106
60
1957
69
34
103
456
4
896
1516
1571
570
1885
573
1237
1652
433
1428
1
133
31
761
31
2282
591
1418
2078
102
21
212
1090
687
415
1553
401
1569
730
123
1855
2715
603
855
2118
99
40
2
274
60
607
86
764
439
701
181
153
246
406
1250
1018
495
461
376
602
669
354
442
2719
10
76
434
229
322
86
433
1036
1217
523
187
1544
2263
2591
280
1258
1968
1174
35
254
95
2183
40
629
1735
747
22
1470
505
719
331
2271
81
760
1677
842
395
392
227
1629
68
14
1654
1629
94
1647
147
15
202
252
1335
2148
766
70
12
937
1122
207
42
854
863
1520
189
34
615
1465
545
550
882
706
146
1647
1628
106
52
1296
438
1626
772
457
616
336
173
1057
903
982
184
86
1169
655
2349
1824
20
1206
1550
1633
541
1066
158
250
138
651
494
624
120
445
19
821
1306
217
1325
269
328
1775
387
891
919
339
148
697
1074
1713
2154
249
1896
71
415
26
1013
583
1057
118
437
2346
23
25
151
473
1136
1580
282
772
84
364
332
729
585
928
924
1629
502
53
1050
2036
838
1387
359
1149
1091
715
93
1189
1271
902
1022
1261
1027
1280
255
1627
1033
73
1702
842
534
503
534
401
1191
760
1134
1332
1444
993
475
940
307
280
216
1343
364
1005
2200
775
1279
13
765
875
101
439
486
418
476
401
184
209
429
336
803
901
954
308
1451
131
2365
253
1017
849
473
169
9
961
51
456
878
1944
63
1012
1237
383
605
1808
530
885
394
807
2073
579
892
2709
744
82
862
1525
264
334
2055
242
1568
4
474
837
116
1643
732
919
11
438
471
1167
15
918
164
644
306
2462
1198
871
1213
468
445
453
1131
735
226
73
164
767
437
110
1224
240
357
591
770
397
1898
898
2260
799
34
1689
1793
1653
2292
2175
1247
425
494
184
81
90
387
790
1222
607
391
447
527
1090
1196
142
48
11
1788
302
93
553
1019
254
1311
1462
84
1429
1132
784
216
76
1239
143
747
1155
1634
724
125
414
26
1573
2101
1926
219
133
1333
816
1253
220
469
292
1378
221
253
1222
606
1572
377
1659
370
547
2121
215
163
776
368
172
219
708
1976
73
742
120
185
1050
417
413
138
93
724
1171
320
42
1156
61
600
94
293
184
3
1251
306
860
1188
434
5
501
316
307
314
1294
1122
1418
49
205
1529
1229
1576
333
1123
866
26
169
135
2302
49
647
872
104
13
2171
901
231
127
1112
1033
667
927
3
712
85
1658
371
407
254
1845
1371
1012
2499
79
879
469
1273
510
77
123
296
640
530
753
609
22
72
1044
338
722
851
918
372
817
1003
251
244
419
24
1602
755
755
513
84
1236
1637
149
149
119
614
958
1395
2338
1070
237
132
112
831
8
306
304
921
194
428
262
457
95
249
188
378
499
1276
330
610
2337
12
1921
243
992
39
2494
425
56
270
811
30
573
185
94
886
1527
2216
1371
155
339
441
323
1768
277
1805
1138
25
1070
341
561
1938
2701
115
1949
1234
6
622
61
879
614
672
1167
155
1460
517
546
816
1497
1489
417
203
2
543
105
2266
1384
30
515
39
1589
1645
1176
1110
798
19
1520
133
720
1043
463
1824
1715
496
1982
910
1089
1339
75
546
1926
1061
394
69
1380
173
1559
82
1622
2548
412
1122
122
463
330
2408
204
0
1842
2589
447
109
360
48
1878
811
629
320
287
1101
1129
1343
684
980
291
158
1732
610
67
2173
971
1908
304
427
58
57
710
1478
1783
833
963
260
553
2080
180
826
151
249
781
791
67
72
169
227
41
59
1741
939
173
564
2716
90
1719
1616
81
909
47
1075
1369
873
179
867
39
744
543
129
617
45
1210
1471
1242
711
204
1290
1250
142
98
1007
42
1227
190
518
1735
1616
119
1029
534
1450
559
449
40
472
125
1534
743
1416
61
2194
261
187
327
1207
539
60
635
39
1861
1274
2040
187
771
1097
1664
583
407
8
335
478
2041
461
118
181
569
159
181
164
208
965
156
1036
500
452
119
87
573
79
734
1235
474
1649
1382
79
1341
532
542
907
318
653
1130
1577
1027
352
1347
299
1454
1965
431
2309
93
1076
1768
621
124
169
1360
185
2264
76
13
688
1053
127
1090
100
1105
1654
99
1238
299
7
385
176
943
197
2533
220
101
754
1009
886
1231
972
323
599
577
167
30
1062
339
47
266
285
1263
1688
940
1410
100
30
214
1269
1187
518
454
1815
739
898
24
391
911
1283
183
25
8
91
47
153
1245
941
27
1502
63
877
670
5
514
561
1383
318
31
2275
810
233
1373
659
150
2864
745
822
43
225
725
43
132
703
684
1
1491
0
536
699
975
66
392
435
2444
86
1214
2422
857
161
833
591
47
8
78
660
282
1404
706
149
1432
1342
700
1184
767
261
615
247
234
544
490
514
194
13
1288
103
1064
2161
1134
369
297
557
581
210
742
40
326
250
24
1219
1010
1512
120
2611
1710
256
819
431
1281
537
49
82
589
14
82
562
129
403
237
157
300
649
751
306
254
253
157
208
731
208
2006
130
2276
669
1722
554
1321
2012
1001
1797
2266
2513
1143
115
62
98
1494
913
333
2370
273
799
27
62
937
340
73
2177
2006
1048
1536
746
504
786
388
1536
2199
1064
1794
2428
1
117
496
1114
961
381
8
1058
979
1472
1575
915
2000
581
1588
27
211
1299
759
915
97
429
24
597
98
620
303
1948
1152
456
16
263
1391
1307
296
435
1245
1149
139
109
1337
559
810
427
94
293
309
0
124
835
524
2106
1
1665
872
283
121
686
3
2106
437
1805
243
23
135
706
940
956
558
1906
659
658
113
129
20
2394
12
750
60
2155
512
1307
459
1027
1911
2436
1163
33
295
116
956
1062
729
111
286
575
28
609
740
2371
14
304
1715
1174
1706
53
502
13
785
1560
139
1264
561
707
1003
269
336
303
245
229
248
685
412
732
1554
500
1081
2280
211
393
8
17
652
946
136
2580
34
192
1280
1881
1567
399
18
145
1022
335
592
2512
247
291
1566
44
2123
259
912
623
1
1
542
321
1150
260
329
926
937
0
1075
8
2264
35
60
1466
523
813
1402
272
1486
703
472
21
84
1022
1604
1235
1114
437
1053
373
722
1354
748
472
1003
2428
1447
2446
381
1012
228
0
100
1081
281
341
887
371
2254
352
101
1788
48
1165
6
273
1538
131
1
268
366
802
509
183
298
2055
2167
494
286
1683
8
115
209
353
1236
2138
305
796
954
689
419
2132
375
565
311
1451
1143
33
19
1119
1690
397
2242
320
167
30
543
180
140
1303
618
981
512
1006
929
486
746
538
188
2464
453
138
84
1083
97
131
1433
244
1075
130
301
841
1210
1374
174
1516
498
12
1224
2
1453
770
1695
212
426
1264
978
1269
187
35
971
341
522
1130
565
8
1082
587
901
949
1451
104
39
476
25
354
1290
1466
295
831
1912
490
892
2369
203
1198
735
1660
1420
187
644
1683
413
1901
575
345
561
866
1584
109
886
1080
1064
1310
2508
2119
516
12
1432
682
61
809
146
126
233
1094
1312
1842
467
398
241
864
251
484
96
1584
1098
383
617
144
962
700
369
1613
112
226
1105
1371
627
1147
901
483
671
1857
967
1896
1618
1160
160
243
1336
40
1713
992
586
6
78
702
761
589
488
743
141
284
75
20
1102
30
341
1364
1184
1586
215
677
326
861
48
77
1163
3
2199
410
263
18
1877
807
515
1678
401
778
792
122
566
775
327
669
468
1745
17
282
18
631
672
836
50
949
75
131
412
411
509
282
74
1783
2701
529
157
180
103
68
462
512
50
1412
877
442
388
17
225
488
1929
154
785
152
1241
55
1664
689
1557
1030
376
86
1570
239
1057
134
528
1775
1556
1300
1235
4
90
169
781
661
447
25
911
458
1043
222
986
401
276
1905
1168
477
428
986
137
40
293
203
1283
2176
790
307
218
117
1274
964
2698
1687
78
63
1449
7
2505
1559
1140
139
867
1211
2457
1517
1031
11
590
1699
598
86
113
74
435
894
1648
512
281
58
815
2776
12
1257
1082
2122
423
1179
1554
995
338
1362
59
198
15
440
578
275
531
460
1358
336
3
202
553
624
559
1660
986
10
663
408
482
541
552
53
1295
1262
859
1633
1466
546
856
1423
53
538
135
561
120
34
1004
840
26
119
11
895
1903
93
106
3
852
227
61
18
636
156
652
445
790
1193
1035
2131
754
570
1037
685
1178
212
4
1465
278
2106
1905
24
118
1491
238
718
372
292
34
409
475
1523
68
23
349
1112
77
1354
1276
994
219
698
534
790
2086
1021
1045
0
2029
1184
816
54
715
1141
1405
733
1205
899
1210
375
631
1468
68
1495
731
247
275
1665
1709
925
2631
10
111
87
2088
1760
133
404
468
143
989
395
739
510
819
1865
1578
419
675
2495
174
1791
955
1503
519
523
804
1594
270
2317
161
1207
141
810
2190
37
147
1612
984
2019
358
990
210
597
1848
125
1000
1058
1820
1341
661
1404
53
2360
360
1103
291
366
134
723
686
2222
243
501
777
1683
2387
2191
1950
907
57
8
429
2047
2236
767
400
161
1
702
252
732
839
605
19
420
634
162
2740
427
109
781
1830
1580
1524
75
1935
1598
1466
304
932
1226
388
21
992
1415
2001
416
478
868
716
323
22
196
314
1366
147
575
847
200
306
196
646
191
1053
828
1447
1138
1216
1569
35
997
1999
343
821
1169
51
326
585
1504
1044
729
1211
819
186
1869
1273
130
58
77
1808
2490
129
431
2543
1175
623
1434
1247
889
359
524
284
34
905
1104
15
626
982
2125
1251
604
516
854
106
1794
397
824
800
486
800
93
643
2284
2361
1015
126
1871
2370
2004
2012
507
488
127
665
438
67
321
572
11
1528
782
732
470
506
664
286
581
493
652
1041
343
474
378
68
590
99
732
570
61
121
694
2181
303
670
420
441
1560
1784
1113
2931
729
1540
1247
307
1631
587
36
1133
1972
335
218
338
376
709
738
1017
341
830
1084
98
329
707
58
2066
596
252
803
310
39
45
1381
45
446
133
2624
477
30
655
1084
929
1617
979
416
2376
1479
537
847
1035
2262
243
1301
1542
940
447
299
1568
258
254
1411
306
433
238
1764
642
230
1742
204
1085
473
493
24
709
1108
946
352
675
670
1056
666
370
2283
1148
204
820
233
1155
1805
276
1505
1199
1040
936
2374
616
227
497
7
214
495
96
2248
472
587
1823
92
1675
1168
686
427
38
444
67
33
959
277
2782
780
244
250
87
321
1244
534
431
1579
887
333
1432
877
214
1307
51
1738
538
835
415
2260
207
2061
872
189
113
663
853
768
1056
2588
464
526
72
95
168
798
11
51
473
353
1179
3
644
489
692
1605
10
1327
218
294
13
1611
1070
133
877
109
1478
209
1885
361
89
457
11
1104
1637
1300
215
213
680
1485
139
1257
208
842
171
186
1023
520
11
692
601
815
1531
185
654
1743
732
490
684
148
1100
1160
934
1100
120
170
717
37
386
1927
703
426
887
89
877
946
985
989
803
434
485
591
960
189
1575
1019
1224
132
2063
310
1500
565
648
165
622
156
451
980
1691
2391
1637
543
2643
176
659
1676
51
63
247
207
1716
612
717
931
1040
1309
978
491
162
1459
2
254
177
377
1277
586
882
823
1390
1592
265
813
652
692
208
1288
576
2040
663
1723
200
723
12
297
1159
1468
296
47
699
322
61
59
458
549
862
334
1041
2300
473
220
1270
1
715
122
1185
47
46
1308
1192
353
1918
2
64
601
430
57
1559
911
716
125
294
890
852
595
285
684
1469
240
198
249
1889
97
1868
327
1857
417
258
589
250
717
857
1489
315
699
364
1223
743
35
1968
82
12
608
107
75
161
107
882
1105
826
271
369
553
169
193
855
110
1295
248
1149
254
1
2128
513
499
1059
26
327
60
453
529
661
602
362
251
1197
1196
166
1295
229
1504
1529
444
348
53
904
604
1140
2027
549
445
911
261
299
20
2501
869
36
660
376
279
93
1132
1292
804
405
309
451
1408
1533
659
11
485
1574
611
740
380
2131
195
216
288
1768
724
537
381
34
1964
1213
886
569
1334
1666
865
777
1978
499
1230
282
2522
139
1750
2285
426
1934
133
1190
418
825
1317
798
146
244
474
2443
1838
214
1
174
1225
882
2016
58
16
386
244
1448
1255
1285
1712
2281
904
106
580
835
188
1204
858
744
175
296
882
290
1473
673
531
119
1006
1326
1361
192
138
1237
303
816
1094
31
456
1213
1386
51
977
808
456
110
549
379
323
104
559
282
45
1177
3
2133
243
1188
496
320
211
175
727
119
118
53
98
1707
39
795
387
673
69
427
2
262
563
802
1048
759
1437
1086
1034
397
200
14
71
43
1038
143
1394
106
135
95
1959
200
63
1353
73
199
452
1663
2134
962
1612
444
193
764
254
1089
49
16
262
999
1183
32
1383
2678
2
16
124
15
1575
1084
284
540
694
1374
515
606
421
36
2085
95
442
712
654
201
408
346
316
0
159
818
1252
609
746
1618
80
210
1192
191
265
431
73
2164
1525
77
2482
397
60
575
82
91
728
1059
1695
1690
559
396
105
920
187
1305
1415
59
517
84
191
86
318
103
81
820
1143
210
34
18
1672
1396
2438
73
481
1426
309
1270
81
221
677
1257
1291
914
694
282
40
803
289
175
1567
500
244
57
1365
680
793
845
38
2246
94
786
875
1870
1996
202
1163
2144
2475
1362
368
2080
920
287
1623
24
384
974
796
686
195
1520
618
188
108
594
520
257
257
2609
1701
1506
1568
53
169
961
903
288
1109
1708
304
243
300
410
536
225
2439
1340
1581
767
117
695
31
122
767
2068
1251
1813
74
2
687
209
40
284
399
213
248
612
341
1647
551
63
27
772
334
886
1834
763
468
253
343
2328
161
468
862
322
159
123
79
294
1
793
834
573
677
842
359
1001
1461
116
779
420
1294
1493
935
576
51
2666
28
128
1020
792
712
1519
10
1405
295
2324
2058
513
1474
54
1212
519
11
809
687
1341
52
410
229
813
1422
1543
15
777
26
1897
1525
515
192
68
1453
456
1254
404
1002
383
1187
1284
1790
927
715
1011
236
52
231
1739
110
1794
603
88
997
91
534
305
108
174
2650
8
340
298
627
276
857
712
727
199
493
1169
1334
1961
154
1474
569
1843
168
826
1237
216
112
453
1359
1157
730
238
356
1205
221
1216
475
389
290
106
2356
612
599
1417
294
1211
767
446
640
915
876
308
798
736
72
1685
17
1566
1991
32
84
1215
2166
85
2332
62
1376
389
975
863
299
181
336
25
1419
22
105
4
93
4
854
732
1014
1384
1274
1638
797
785
96
73
1739
790
82
1734
1009
546
2311
2027
113
35
55
306
118
636
602
987
200
765
162
1636
811
852
1591
1900
296
1770
158
2713
1043
751
495
291
94
1175
461
228
2430
540
1171
148
1330
414
154
45
195
106
1456
1616
678
336
287
1528
827
115
307
54
97
802
