381
125
529
344
665
51
17
830
103
605
395
668
1507
1322
189
387
590
828
510
84
960
14
491
377
520
770
101
369
839
31
217
830
524
1477
205
87
12
996
235
521
2051
1117
238
178
1127
47
222
281
11
363
158
34
302
587
1408
287
1768
67
680
327
400
118
1591
804
84
162
1278
0
258
173
655
101
502
1012
565
269
1118
74
88
142
634
212
57
13
544
161
72
170
1150
462
965
1649
791
1381
146
1098
489
273
76
544
915
1260
497
752
84
110
230
1263
370
950
648
32
1115
107
487
831
398
549
196
68
137
52
377
59
11
874
1275
1007
1049
374
1124
283
8
38
2146
32
1048
205
10
141
273
579
730
78
460
898
411
303
1526
123
505
248
246
754
262
143
446
264
73
127
922
49
1314
849
1369
976
69
651
1872
254
481
505
115
2041
896
1992
322
705
125
252
523
834
108
1703
38
840
566
133
639
376
693
813
1842
858
64
1156
222
1394
361
371
53
83
1246
417
182
18
351
385
147
59
74
205
156
720
308
1441
58
252
156
134
1473
350
575
616
1047
39
1434
1092
393
850
502
188
200
196
270
1885
2059
884
201
1501
254
1016
1426
384
220
1061
19
263
122
893
386
59
185
1290
477
412
239
204
394
460
96
894
6
563
418
156
542
1646
201
46
63
204
154
1
296
48
144
235
2488
51
297
114
16
58
54
934
51
398
666
652
70
193
1049
130
545
139
38
328
1847
452
932
52
205
117
306
72
421
385
1067
335
352
486
3
704
517
338
426
285
1862
799
911
449
24
333
1107
104
118
22
1161
409
605
192
294
119
927
639
431
285
539
591
1097
48
1807
518
1087
331
144
40
69
527
670
1175
89
2032
582
106
1078
126
56
364
1415
1650
350
877
109
2162
648
857
1605
81
1085
46
2609
888
19
100
144
331
103
467
511
67
60
44
1199
873
365
796
809
257
1511
296
26
204
366
1677
1609
1580
77
548
828
1371
2398
16
62
540
284
127
180
882
1358
196
522
70
1255
401
1088
136
264
2
780
257
357
1147
330
198
2500
249
1980
193
801
486
51
275
532
40
142
2059
271
1501
304
333
746
176
276
1085
307
848
144
1044
91
277
744
1324
784
115
249
100
191
687
262
280
193
117
131
934
71
51
87
1423
759
684
278
7
2125
82
56
235
673
254
298
917
569
567
446
231
679
31
1191
545
1439
930
595
209
485
1246
548
567
393
292
103
360
201
1204
2530
810
743
483
624
122
86
620
666
222
576
116
26
46
1297
57
1068
69
390
36
532
298
8
1357
338
63
1196
1148
389
1534
129
450
1111
857
662
666
703
441
254
154
1442
591
1515
1209
301
90
1126
75
221
449
582
383
394
1720
387
328
346
1353
39
991
551
611
952
20
284
139
1
131
469
336
52
522
1392
2022
187
16
523
20
143
654
12
831
888
147
40
250
377
27
1138
439
135
411
331
460
376
240
44
443
104
51
355
612
11
45
617
1489
118
1876
156
47
44
218
663
119
177
1617
29
130
19
846
535
22
1103
549
1708
668
163
49
1928
954
2886
446
136
32
136
59
77
710
240
420
114
176
454
132
31
730
661
387
625
100
2074
665
1250
1202
684
965
331
210
106
506
318
772
82
1221
82
1695
1616
1378
139
103
145
1751
415
86
141
55
364
209
73
451
1594
446
1862
230
762
396
31
155
1858
1099
1275
29
109
844
616
115
131
39
434
773
117
1731
820
576
447
56
372
344
15
72
746
5
106
374
13
231
97
188
646
643
93
1080
415
661
323
777
66
19
345
814
288
1141
206
244
551
275
284
1340
582
54
541
49
552
1091
19
1796
37
690
1710
64
229
1412
108
82
541
372
40
437
1084
2129
473
92
345
1194
461
16
1314
93
217
175
1525
1836
487
114
709
627
306
122
1096
395
1635
150
60
261
793
664
249
238
131
21
292
901
605
1192
120
359
228
252
1234
171
16
522
386
142
133
617
53
201
131
88
593
531
980
842
82
139
1038
175
103
460
32
524
234
19
353
206
506
564
367
923
377
56
836
284
11
51
494
2126
480
159
339
246
353
77
524
244
872
131
673
47
1315
85
159
114
1434
178
76
180
14
1393
615
277
61
658
683
1064
124
179
357
1313
451
1054
249
263
211
1145
1413
336
24
292
663
807
686
651
1331
208
514
168
782
142
338
377
161
193
831
1224
39
493
848
330
33
53
261
2181
13
684
208
652
961
1397
112
987
956
142
166
431
288
921
178
273
576
239
251
17
90
1397
939
228
86
1196
640
846
27
423
12
1017
1067
1177
349
247
333
91
426
396
1369
566
326
197
592
284
2
70
125
94
353
456
948
380
192
426
690
9
984
193
808
205
1246
517
751
612
1201
385
308
1861
922
287
29
0
496
114
451
771
123
2
304
345
23
1067
22
44
829
1002
109
393
6
191
871
1206
120
256
483
64
183
480
1058
494
561
509
431
193
1217
311
315
961
10
769
101
126
420
694
1489
438
49
335
1309
155
279
72
441
184
2317
1436
1265
4
434
254
1068
450
806
138
70
1126
103
277
667
1944
54
266
1052
27
667
142
212
318
677
764
1267
20
538
71
1302
826
277
86
214
619
1784
46
222
133
575
299
244
49
171
629
103
1317
176
75
135
832
401
849
299
60
308
103
216
930
2077
947
44
358
379
633
399
253
904
19
31
269
295
683
336
461
104
67
985
254
321
327
250
41
580
832
44
259
210
1047
1109
307
7
13
1155
118
179
687
1917
996
876
1313
328
788
2600
122
1781
232
132
306
1136
1747
497
299
582
864
100
95
734
248
199
372
1303
1560
19
34
261
282
591
1212
89
8
191
172
136
657
485
678
527
451
428
338
129
727
1227
342
646
1027
148
893
71
0
47
283
459
393
1737
1241
31
1109
1618
370
836
279
191
236
691
456
828
677
187
14
392
1329
135
882
417
1011
235
674
1376
119
59
214
875
1130
51
405
44
150
274
67
205
960
74
29
256
150
1521
18
321
900
917
832
830
67
64
96
218
216
501
507
355
984
295
564
950
1770
287
4
13
679
339
371
206
337
162
320
375
316
690
1139
47
666
564
338
357
670
81
170
1865
1295
247
191
1136
85
1328
27
1434
172
1117
1070
112
1225
17
235
555
186
1513
53
581
1411
588
153
187
1045
503
1840
36
550
77
84
361
1432
25
2549
6
768
189
0
70
351
1518
598
45
828
27
131
89
1437
138
747
95
40
266
205
458
663
617
1148
1130
326
44
167
209
1410
518
325
167
216
296
857
1625
301
1570
161
834
727
1
328
125
38
815
826
1881
484
1370
1219
961
153
723
757
296
65
251
219
18
950
172
459
287
1463
1399
1343
265
2202
156
715
254
1898
6
1625
129
988
361
1229
1509
547
725
172
177
323
532
360
501
1012
154
90
348
2280
2131
1215
222
606
876
1100
1060
68
277
979
82
544
286
302
350
23
51
473
574
437
393
849
1093
2387
1054
103
190
739
885
1737
260
310
175
39
594
871
11
2188
933
6
667
282
226
294
179
19
323
110
257
295
915
684
666
158
267
39
167
184
223
234
418
234
605
166
1770
143
1433
355
109
174
1060
286
188
146
348
288
191
396
197
235
469
623
1238
813
757
240
938
145
801
257
38
559
423
1343
139
1023
274
6
923
578
152
501
1206
64
418
397
23
389
396
687
1478
660
1
418
944
16
189
404
448
123
455
501
450
1815
238
30
190
596
1246
276
191
2060
133
812
34
159
59
254
5
2140
92
1563
908
1524
888
743
187
1675
494
17
290
1099
119
95
70
607
658
25
1638
31
45
82
1697
172
349
45
138
285
471
513
958
569
1481
65
506
1457
351
1187
103
995
1456
923
54
300
1
990
9
437
1018
165
272
914
75
889
345
37
463
1121
748
750
259
569
335
137
102
518
178
64
82
125
1399
284
198
80
584
750
1245
390
628
1315
703
58
78
79
876
762
743
39
499
249
118
481
183
303
176
811
394
393
7
539
445
498
625
1073
1520
2005
1534
2224
608
650
731
374
1
36
1851
411
319
51
563
22
178
779
482
526
1212
167
143
463
154
873
74
167
1327
223
43
683
40
790
413
207
589
1194
188
1196
15
435
943
248
32
987
46
74
479
510
707
142
1288
3
31
649
254
1296
74
827
71
924
698
83
129
328
616
340
605
1905
190
431
450
995
1583
84
289
41
1528
49
781
1245
374
398
56
105
47
1477
1553
144
919
620
301
79
172
178
348
1521
117
810
1464
493
786
987
485
64
4
607
361
463
1820
229
370
195
451
486
768
60
575
1178
375
1078
188
435
1086
3
1213
57
806
509
754
146
131
178
1322
114
136
990
1804
525
424
56
968
978
1483
76
217
392
143
661
47
76
77
234
971
279
24
141
1256
781
265
109
1579
296
377
728
700
720
916
473
290
1718
278
101
283
1203
490
206
1286
1046
1018
1463
406
8
82
688
444
81
366
2280
97
616
561
706
45
1640
172
94
742
167
2027
651
47
1131
206
84
216
551
326
753
161
1661
390
426
1711
326
791
1042
788
160
22
142
115
185
1551
47
29
1238
107
376
2105
648
136
1093
353
255
541
899
394
1288
747
1075
439
420
101
35
420
757
394
358
500
199
1697
279
41
567
336
18
164
74
792
358
147
407
371
2235
258
3
978
256
360
572
501
852
590
213
25
510
1726
1015
254
2596
100
2
187
18
975
638
725
534
44
1174
6
231
1559
215
2170
673
478
344
152
287
463
71
672
1398
172
1615
385
769
142
158
489
605
333
469
1253
72
1025
30
210
1155
64
307
702
1240
652
726
169
254
282
91
405
290
39
471
1122
62
103
149
486
108
1440
286
58
1910
586
16
1117
277
45
839
227
753
47
994
529
1142
54
216
186
59
209
754
1287
197
451
517
494
1784
633
451
542
285
111
758
430
51
1857
623
252
826
1440
232
327
165
239
1251
47
665
364
235
177
671
61
73
582
1112
147
839
40
358
73
1711
230
711
96
1192
70
457
0
679
52
199
265
19
77
1316
112
1024
394
2011
201
1867
141
74
1302
517
88
307
37
352
195
34
759
253
226
16
334
305
18
302
726
84
305
1103
776
723
628
1491
372
929
2374
731
302
1988
1181
446
153
1111
342
238
89
1606
850
882
137
957
33
592
857
1862
1706
331
161
217
1258
1438
1752
1365
1174
1409
1954
52
629
437
155
782
425
936
19
49
891
348
275
551
263
655
103
48
537
117
113
209
258
81
650
15
385
93
39
139
102
1404
186
1350
878
783
298
288
389
487
2273
80
362
199
431
561
455
1004
78
623
204
924
229
83
1265
37
1231
2206
527
150
29
590
1424
321
490
140
998
2006
267
1
144
267
1742
538
937
978
828
1065
504
66
22
2043
412
530
372
29
264
1330
2546
291
324
283
263
154
1606
36
255
761
287
381
33
133
354
2291
60
497
618
387
102
398
529
133
582
250
207
440
538
1549
1428
18
41
79
229
112
1465
489
1887
115
597
1316
1779
514
43
153
274
168
617
1082
1453
1552
846
1287
740
623
1
164
522
1112
38
443
539
1346
253
1521
32
156
487
1421
1464
147
307
928
191
374
1
20
218
76
802
1606
195
336
223
559
563
929
597
129
380
468
88
779
267
267
95
324
17
535
96
6
1240
1243
230
1430
624
44
2036
264
229
59
252
99
468
396
133
153
782
569
36
135
55
54
129
425
153
687
37
240
279
252
334
93
32
1832
529
1325
923
64
583
924
1391
756
117
554
1391
531
147
1151
141
486
643
19
1017
840
350
508
158
283
863
182
59
670
209
1363
194
987
315
749
75
1710
378
9
1379
671
140
465
103
407
1271
657
719
431
628
18
774
294
14
1458
193
155
161
503
74
167
112
66
1206
324
1029
142
547
577
90
1522
546
97
658
28
1425
1491
325
16
558
1304
38
47
1888
244
577
1437
465
1460
241
113
863
63
190
88
286
87
1238
72
868
253
159
39
799
156
123
444
101
1017
347
1421
59
568
39
111
513
979
801
24
41
670
45
689
225
1353
768
678
144
491
749
64
1762
255
18
359
1704
304
629
196
752
367
731
187
379
204
1187
311
624
257
454
443
723
341
393
449
697
177
896
155
1301
461
83
1561
207
1716
1014
29
62
545
151
270
347
324
1430
279
20
455
949
2156
101
766
1487
197
8
607
501
1378
36
1490
96
243
21
552
86
21
141
218
616
38
389
64
1099
2058
326
203
766
682
66
1688
17
3
2104
93
863
1034
243
771
224
768
321
123
441
504
1006
145
1295
1275
684
1108
1040
76
857
287
343
270
222
358
240
163
440
830
180
1095
921
1094
460
447
238
197
416
84
63
804
1225
1125
1071
1234
752
53
240
217
4
326
1977
399
1114
111
853
136
377
528
264
1128
147
71
119
91
1215
671
1790
544
752
909
164
1646
161
802
183
848
557
176
415
631
356
397
1319
1140
268
379
411
240
62
1124
318
274
190
25
1542
210
123
1226
473
221
18
333
1197
898
622
687
439
103
467
618
721
162
44
36
194
186
106
637
558
439
138
34
803
125
755
39
1041
136
1961
18
488
730
654
429
33
17
769
176
124
43
82
208
124
129
567
115
58
708
256
255
69
1302
838
316
844
137
955
90
454
893
401
1268
71
1465
539
24
38
1046
2055
569
510
115
165
1289
128
207
240
917
586
326
441
970
317
235
393
665
148
911
605
674
1662
1829
818
1034
1211
38
806
239
323
126
159
469
36
757
258
51
14
1312
99
294
639
853
21
68
197
199
135
508
237
177
353
262
167
452
72
49
1466
255
205
2
904
298
118
222
1044
840
81
355
1994
112
320
272
25
899
38
42
1464
883
662
1059
329
443
788
2046
690
227
313
78
1110
348
1914
8
1042
1377
125
684
0
907
1054
79
454
62
467
229
270
140
38
522
393
102
661
36
454
1449
1251
442
2
155
46
365
419
1254
412
982
212
79
611
671
504
167
343
89
609
707
389
460
154
302
720
915
485
228
2468
910
387
840
12
802
28
273
839
102
170
437
608
84
1592
2053
868
240
754
849
1582
372
116
311
18
270
93
696
2170
424
71
91
186
1686
378
1312
418
381
157
338
204
764
351
150
439
163
19
73
970
702
221
463
591
1943
948
212
890
38
97
36
94
703
106
1502
490
668
182
275
25
680
115
448
260
1609
6
495
287
604
1986
525
1534
497
532
285
67
160
1407
172
78
283
37
105
876
1594
428
507
583
1801
693
236
467
1446
193
393
85
12
742
1073
1919
1488
1365
283
1468
1021
1087
34
360
1187
269
17
332
1013
