1504
128
221
73
789
375
3
1103
2391
155
307
592
149
25
106
112
393
461
842
403
752
119
51
896
392
631
71
93
1182
753
334
2273
624
530
488
1465
13
5
1289
3
162
1744
511
164
612
435
801
1720
1017
855
1291
952
1096
593
299
31
158
219
420
37
66
991
193
2231
117
1357
388
363
18
1443
1054
486
107
72
32
398
398
939
78
265
145
196
76
40
288
69
485
178
200
726
41
1197
121
440
351
900
914
333
961
376
179
240
722
71
898
725
345
596
1066
715
450
206
958
187
420
621
755
74
175
272
186
1076
467
189
261
224
672
339
149
318
895
300
112
553
2573
151
108
1936
390
180
1
77
126
961
84
24
162
314
1478
591
90
103
78
847
128
709
804
471
1110
492
107
59
421
13
10
1007
725
356
166
75
793
5
201
835
254
944
729
206
72
77
17
2557
1100
30
977
350
363
275
87
151
28
191
469
164
1989
587
1888
223
221
549
828
235
81
257
117
2171
35
1969
1042
348
299
569
1054
35
196
67
861
24
26
110
178
124
149
499
5
5
314
247
663
268
785
625
28
26
150
280
285
1680
144
991
216
5
304
344
1699
728
75
333
431
1068
122
98
170
331
249
831
700
725
896
869
445
1011
301
13
604
119
1197
140
381
1361
1325
12
273
136
665
699
147
150
1556
448
95
65
922
1281
1377
389
115
869
226
1493
231
58
575
974
760
439
1436
20
528
612
483
50
193
141
267
42
452
1072
64
760
90
84
1057
2605
933
1608
833
158
267
181
1187
589
24
2134
410
39
832
810
94
1179
676
479
1467
867
251
1203
428
826
1578
265
216
187
368
46
415
89
18
19
315
786
314
1372
1199
81
81
655
895
115
1016
536
179
566
399
71
366
170
233
715
838
170
2109
88
743
42
1644
152
370
1956
965
1678
374
1696
16
417
50
2106
525
1892
251
834
143
601
776
94
124
143
1945
1704
149
46
629
138
2457
323
422
193
654
737
135
721
20
76
1197
103
214
698
760
85
660
487
448
214
586
152
1109
193
37
116
882
298
324
904
613
19
235
355
185
545
960
123
382
143
136
26
643
82
1883
159
962
129
777
2342
432
1059
2004
562
678
148
656
161
1734
74
98
397
685
723
237
2
205
50
142
2594
351
1159
821
506
415
1101
615
86
569
965
2029
2
258
280
2067
308
837
75
160
131
11
79
698
450
132
48
1332
1233
595
1460
704
119
403
87
323
643
88
57
450
578
1122
434
151
288
1339
77
606
824
654
939
588
522
70
112
82
641
90
697
1102
60
297
372
681
2024
23
877
119
128
323
40
726
290
474
155
580
432
501
728
83
239
214
1461
628
622
649
853
858
234
242
911
157
716
1159
456
311
545
380
260
1619
838
461
1767
3
2030
297
572
551
209
319
405
2065
826
1318
67
239
431
931
715
1253
1042
354
212
197
109
671
636
1035
1572
726
1695
1063
2278
150
456
1028
1393
881
440
1166
445
1375
744
736
1791
1736
45
418
482
687
145
390
265
1116
303
695
124
895
93
1106
565
1006
456
14
41
856
191
336
301
91
916
79
147
398
427
2024
45
78
397
195
1571
616
188
187
261
238
47
809
464
522
55
208
130
42
809
35
285
213
1025
365
164
362
74
301
426
79
709
119
528
352
507
533
1681
53
155
716
214
16
328
186
383
593
764
570
52
159
412
186
40
492
947
70
913
15
469
525
645
141
66
312
96
383
302
893
150
80
94
71
315
890
93
194
91
1443
114
1154
286
1127
48
125
178
1583
535
810
446
502
456
140
115
1571
808
164
958
580
96
218
213
185
30
236
649
456
763
112
1500
849
835
404
84
966
247
129
602
907
1441
755
671
412
43
460
1311
38
1161
56
525
1845
126
273
153
11
606
332
273
1753
29
917
204
436
53
1333
943
188
753
205
614
505
235
784
786
829
1405
709
284
831
1262
1070
95
171
107
913
159
618
237
217
220
296
1099
805
109
649
92
244
1208
947
4
823
46
76
622
410
130
48
83
905
411
595
490
885
357
221
150
1353
298
623
752
599
939
187
329
75
133
1925
1241
12
2274
1008
199
566
125
815
681
834
161
127
615
536
237
28
1502
784
441
147
52
1281
393
36
16
127
777
185
158
198
16
525
281
279
587
47
309
1105
352
494
82
749
63
1474
149
369
579
368
1458
422
605
757
372
31
907
8
312
109
231
445
1697
932
1066
766
259
358
833
1438
56
40
829
502
555
502
1221
428
637
158
662
622
372
1673
392
52
318
951
251
78
301
453
1404
951
1581
1513
152
1324
788
1818
551
726
126
122
98
787
270
1188
544
1308
976
89
954
301
221
521
68
343
50
965
667
102
482
2183
249
96
763
106
639
152
948
674
1633
53
453
1795
1236
761
1866
801
651
313
1180
98
1017
189
1363
1401
757
78
1178
1044
917
256
143
208
448
2597
1082
12
479
725
966
1001
547
15
971
218
228
73
54
770
450
206
154
83
770
701
195
157
236
1068
1168
82
6
285
543
209
63
580
128
394
596
738
860
69
63
331
2392
1352
357
1696
667
85
5
1374
881
525
317
51
1204
171
223
262
62
155
486
58
919
1490
2811
10
1136
1030
59
948
1034
230
28
159
320
64
152
1991
172
649
709
1104
28
247
373
696
1268
1585
1467
1356
1121
1098
31
758
135
1224
20
97
294
899
515
1079
204
151
78
1332
1895
20
140
12
970
68
1289
633
795
203
269
849
1659
709
2059
752
462
330
1297
1121
54
8
484
1256
49
786
319
641
84
239
349
138
153
2
1150
817
68
168
435
706
82
310
1016
1
409
2413
1008
205
1678
234
96
63
270
836
137
48
218
643
605
351
340
1073
558
915
1119
2201
143
447
228
1330
625
234
88
4
300
360
115
1243
460
590
814
1519
200
77
112
598
874
187
220
70
52
1312
408
107
55
217
62
43
329
395
1468
459
452
1543
1443
851
1098
372
509
553
333
434
541
221
826
377
2117
91
77
438
893
185
73
483
948
202
969
257
797
857
166
206
751
37
948
544
578
271
213
1048
302
1401
402
164
636
253
425
217
1162
344
429
412
55
1496
322
675
390
500
733
84
158
151
180
654
217
703
229
1824
696
90
472
116
233
104
15
91
421
553
1459
916
2405
312
263
1087
159
1468
591
94
364
556
203
532
641
180
360
29
1688
379
700
152
206
213
190
528
94
279
767
629
551
15
612
988
119
1023
32
1573
511
653
531
558
98
1992
1034
85
1144
153
305
546
556
94
629
488
216
1341
218
26
96
826
851
435
218
612
12
858
859
87
255
202
58
1606
1212
174
236
104
170
812
502
87
83
158
24
170
297
1086
278
167
935
763
138
280
473
527
2186
72
1822
499
1346
362
34
1
165
392
802
1417
400
312
187
290
2260
936
14
228
928
507
85
1285
69
1939
149
43
460
233
66
306
86
551
306
533
116
924
331
2
448
493
109
808
292
136
675
293
1347
29
972
22
815
1774
1406
1254
1434
1518
328
154
809
1864
2090
54
90
2
268
813
280
2026
1030
1288
512
431
499
137
171
300
175
63
235
115
1017
575
235
261
94
158
597
86
666
406
2083
480
689
51
649
159
5
15
676
1409
218
526
1442
338
1391
213
282
53
422
1181
2210
473
162
760
2
840
763
262
115
443
257
26
315
680
211
1431
280
193
92
218
170
121
465
840
218
381
1161
1959
102
543
359
196
238
206
123
76
1102
497
818
103
49
512
2435
755
784
363
111
28
129
506
133
211
738
768
990
1
158
452
299
250
220
801
128
80
643
123
146
1839
369
261
109
236
172
676
46
855
837
41
398
145
995
230
377
1213
31
145
273
382
557
1606
225
20
52
432
539
1040
2
437
180
30
252
73
293
1180
1206
398
149
663
628
96
273
142
329
1138
141
119
241
710
2050
816
1417
68
369
259
169
618
580
210
607
974
448
260
82
589
68
857
513
1622
130
2104
10
1011
662
1207
144
65
1660
640
74
85
145
590
157
193
96
6
166
177
374
2301
323
218
25
274
875
858
1317
849
110
1567
175
375
1084
134
850
494
133
828
65
515
533
809
268
268
1069
1493
232
576
1540
1203
826
53
868
2
825
871
715
64
112
1045
1622
499
313
138
45
228
2383
530
85
191
1267
277
1717
370
151
509
540
25
144
500
896
66
7
339
770
1164
525
150
597
329
1225
277
353
149
227
427
606
785
728
39
60
436
622
168
398
344
843
83
50
1096
598
761
72
1569
238
961
264
371
552
71
932
699
1178
1063
297
586
645
1565
25
1039
61
90
374
561
398
40
198
60
830
193
1094
26
1550
247
1483
1232
1558
627
657
280
1073
355
233
852
9
1441
267
60
654
59
494
753
23
320
181
618
250
345
138
1771
328
475
219
547
90
45
187
273
1323
309
420
1837
72
1472
170
25
719
1030
503
565
934
716
530
1673
461
310
1355
117
137
78
1346
25
614
126
29
463
127
1085
164
596
751
782
8
759
2414
1338
895
213
425
749
9
624
607
200
1080
172
106
868
1018
53
1516
1
64
123
26
381
753
65
1198
343
1612
378
233
367
426
2184
1096
7
186
903
76
151
1763
113
1296
192
679
872
2089
548
157
198
583
813
481
371
241
1011
1213
447
127
361
101
121
267
1705
1710
180
586
482
1066
7
0
283
107
1403
554
1777
264
43
1337
73
449
75
71
333
175
238
971
281
2221
821
1012
178
371
589
2017
737
1003
908
354
133
403
1092
1203
1212
848
76
987
237
269
435
193
313
123
78
350
53
42
263
115
803
473
292
170
45
122
115
283
104
583
276
654
439
6
843
802
68
328
1352
1206
645
426
1481
501
236
303
186
919
646
1158
192
1232
64
159
48
124
1095
355
1703
2201
571
712
170
334
352
533
823
107
501
354
1118
550
1210
152
839
144
64
46
1880
744
366
410
190
2
177
172
160
1963
553
669
273
300
628
349
160
446
59
1398
47
583
860
405
284
275
483
131
25
25
614
151
334
1154
886
699
36
766
25
510
516
53
409
66
235
214
331
189
64
1116
16
217
586
634
13
52
167
64
1078
844
86
488
226
43
688
207
2696
83
1916
912
970
770
848
504
31
120
354
588
762
265
822
627
231
648
521
723
519
71
428
541
1606
2
151
121
140
25
206
199
386
128
1339
235
193
628
336
279
471
372
382
617
220
591
780
737
275
1087
99
1458
645
1436
36
1254
845
187
386
159
127
545
1106
755
948
284
765
803
421
975
10
4
661
76
394
180
898
356
61
457
255
305
101
41
180
217
524
569
164
73
167
212
135
1
1678
487
145
431
49
1102
389
693
111
170
2349
422
793
5
873
795
80
277
1001
3
649
274
657
346
685
632
212
220
285
313
436
83
1223
315
757
257
1190
285
1360
266
511
188
40
47
72
927
213
261
1063
231
16
16
152
68
136
97
480
737
2417
599
173
117
965
82
551
874
81
376
689
322
266
958
803
2039
628
518
719
140
137
34
985
179
326
36
345
1341
185
99
153
16
159
366
2336
850
57
384
346
114
150
1103
16
1504
598
557
101
229
402
1373
172
335
1348
159
867
175
85
61
1351
280
181
118
875
426
528
1825
148
59
172
1325
374
514
214
1549
3
990
458
342
1144
719
1068
66
689
1341
39
398
298
1570
1007
376
315
141
621
204
521
697
820
307
134
476
732
735
809
1021
158
1912
127
50
408
43
117
661
41
917
432
535
484
884
1259
247
841
54
92
140
85
1776
10
11
438
101
1792
272
606
436
268
204
1878
174
1839
859
1451
2200
575
1509
210
1060
302
248
658
299
601
536
390
63
309
1720
374
162
325
1337
532
2302
154
45
314
730
123
915
63
523
545
1316
919
97
157
381
1284
39
634
310
444
242
525
544
267
204
845
478
84
94
153
208
43
1177
1033
89
1097
235
1074
970
2029
187
572
91
269
215
974
90
927
147
607
1862
260
45
243
165
264
774
124
167
641
14
1724
97
78
1296
1393
91
504
261
1383
181
297
847
388
25
1468
2057
332
802
143
658
245
473
331
275
239
1424
337
1388
841
149
648
643
937
66
584
191
801
502
417
70
201
1288
598
193
1074
86
724
136
1801
479
65
488
174
678
1103
57
902
140
505
894
997
63
47
534
1248
236
1108
1550
10
369
537
618
747
321
474
45
178
835
351
17
14
49
140
2159
226
380
15
2187
153
408
889
92
220
492
59
800
306
19
46
1352
220
105
1118
378
382
148
35
105
870
152
152
1101
908
247
1587
873
27
785
428
206
612
215
149
689
720
1379
1207
933
641
87
89
93
220
269
956
123
964
510
1277
1679
551
1106
67
1034
25
261
1763
161
389
119
632
605
170
2168
181
342
19
43
1939
724
158
530
322
299
215
367
271
2274
831
261
50
414
2221
268
378
193
170
713
543
1203
236
28
107
136
84
747
360
25
93
282
644
145
1327
326
126
387
52
54
745
436
964
267
94
640
69
57
322
154
1129
681
143
805
106
1478
63
114
60
572
216
515
1286
44
290
423
631
758
609
595
174
1567
409
115
167
1267
933
974
81
87
896
69
1476
191
1150
35
1079
135
69
9
1196
269
315
2298
2622
42
1107
43
890
882
1302
298
726
1856
639
28
62
472
404
719
460
1833
446
125
63
102
566
103
452
1599
478
261
431
495
577
283
131
731
1472
288
318
2120
445
772
2013
31
178
505
172
476
725
503
247
258
563
1508
845
135
2780
655
913
596
204
849
191
1256
1222
1325
797
544
4
124
1461
1524
937
463
285
752
204
618
1013
251
458
72
25
300
167
908
589
2211
98
1771
239
12
1048
268
788
332
388
430
193
67
815
562
401
1066
392
794
955
81
301
790
900
2594
863
370
1
52
738
678
1905
685
122
73
75
39
1488
46
380
1315
379
580
207
28
616
402
188
1055
979
645
1647
2248
749
1067
457
422
409
261
1436
608
2
1531
119
1022
71
459
940
562
1054
389
52
110
77
536
853
103
111
267
248
269
311
1469
545
2363
317
65
1794
395
2141
111
219
421
191
537
30
486
188
894
773
671
579
25
932
30
2355
220
873
1643
1651
155
24
136
102
2811
138
748
811
41
176
1297
67
1334
1259
129
129
807
234
5
20
285
24
1501
242
240
452
502
519
505
70
342
569
499
461
15
732
336
322
432
137
89
269
1176
793
919
667
218
308
105
1147
1555
217
1062
259
235
515
573
146
25
86
158
296
107
166
23
239
1070
176
86
222
381
648
179
897
523
39
1358
100
652
437
29
86
59
885
482
287
2202
