216
312
0
4
0
2580
1282
0
0
2331
0
0
1108
0
710
1405
0
2129
0
0
1820
0
0
1698
0
1215
1389
0
0
2892
2456
2856
0
0
111
1849
205
0
795
0
0
0
2288
849
1432
927
0
0
227
1335
0
1565
17
398
1512
282
1611
0
2268
2894
0
337
0
277
2501
0
2182
0
21
0
1568
0
1706
1102
0
454
0
2457
0
0
0
0
0
0
0
1993
0
78
0
0
0
0
0
1788
0
1037
0
99
0
0
0
0
1747
0
296
1853
0
0
2258
1777
0
0
1129
0
0
0
121
0
0
2406
0
461
0
0
0
0
0
1379
541
1614
0
0
1462
0
24
1491
1163
0
727
1273
0
0
0
0
0
454
2462
0
0
0
0
2096
1438
0
869
0
379
561
291
1164
1385
0
0
1860
1936
0
0
0
310
0
0
0
1538
0
0
1306
0
0
0
787
0
0
1931
365
0
2439
0
0
1737
2132
2170
0
2007
1219
2617
1115
0
0
0
0
0
0
0
2143
0
1552
0
2084
0
2988
2742
2696
426
0
0
1123
1358
0
0
0
125
2994
0
1766
0
0
2619
795
316
1759
927
1762
1442
2383
0
0
2961
1711
0
0
0
0
0
0
1874
0
0
0
0
0
264
0
0
212
2571
1109
2228
1071
295
2617
0
1596
463
0
135
168
514
0
0
1963
0
2651
160
1145
0
170
1111
1107
1661
0
1503
457
1566
0
2223
0
0
2439
95
0
2191
2727
0
2918
946
0
2547
156
0
0
0
224
280
0
1321
0
232
329
0
1358
0
0
2173
1910
1387
0
0
2840
0
2341
0
1312
0
0
2435
0
2609
0
2416
0
1461
1593
0
1804
0
0
783
0
0
0
0
1746
2924
975
1970
2005
0
0
0
0
0
0
1103
0
29
148
2610
0
1343
0
0
2131
0
0
745
0
2982
0
0
0
0
0
2440
2892
1400
0
2270
0
2982
995
2193
0
2837
1288
0
0
1710
2383
675
927
1992
1249
600
0
2840
2314
0
1341
0
976
2399
269
115
0
0
0
68
0
2514
0
0
2528
0
24
2787
0
561
0
0
0
2892
0
0
0
928
0
0
2520
115
2528
0
585
0
0
0
2736
2205
801
1416
1505
221
32
2292
0
0
0
0
2525
2354
0
0
2704
569
887
30
0
1317
133
671
2193
876
0
2651
0
0
0
939
1248
0
264
0
1488
0
1550
437
0
0
0
0
2007
0
1952
2873
1926
75
1290
0
730
0
479
2229
2980
0
722
1797
1628
0
0
0
0
0
2598
2134
0
0
0
2583
602
0
0
1495
2286
1772
2628
2038
135
2100
0
1829
240
0
1621
988
0
1213
0
2286
0
2919
0
1451
0
2822
0
0
0
0
1357
1453
1430
0
0
0
0
0
0
1673
2703
0
502
0
0
2250
1377
0
2488
0
0
0
0
2679
0
0
2033
0
789
0
2746
0
0
0
546
1507
0
132
0
0
0
2002
0
0
2262
0
0
0
0
234
361
2417
0
1023
1097
0
0
0
0
794
2501
450
0
0
454
0
0
0
2785
0
538
2349
0
525
1500
0
0
0
8
0
365
0
1743
0
0
487
0
2577
1211
2826
0
2840
2293
0
0
0
0
369
1768
1302
0
466
2270
1457
2814
0
1347
0
2529
2610
0
0
0
0
1804
0
1898
1372
588
1317
0
0
2831
993
82
0
1405
0
2149
1828
0
2900
0
1800
2232
350
1903
0
0
159
888
0
0
312
463
1269
2013
254
307
0
1517
948
0
0
0
621
0
2471
0
1558
0
0
0
2271
0
0
2128
376
0
2250
0
0
429
0
1143
0
0
0
885
0
0
0
0
16
1449
0
0
1072
628
2491
0
0
132
0
0
0
885
0
0
758
0
756
2422
0
1576
0
0
0
16
0
1992
2720
1291
0
0
0
0
1727
0
1432
2606
0
267
2699
0
1230
2525
116
0
0
0
0
1701
1265
333
0
1218
0
1729
0
0
980
0
1618
0
2154
0
0
1996
0
0
0
0
0
0
0
0
0
0
0
630
0
0
2676
1114
2255
0
1381
0
176
0
265
2615
186
532
2924
2846
0
0
0
0
0
0
2845
281
2164
1344
0
1309
0
0
0
0
0
1402
2433
1558
2566
0
0
1507
1247
0
0
0
563
68
0
0
461
0
1727
0
0
0
1619
0
1315
2670
0
1731
0
0
0
288
0
1071
0
1379
2973
0
0
1376
0
2314
398
0
0
416
0
0
2866
0
0
2351
0
0
2987
0
0
0
0
850
2924
2681
0
0
1153
0
589
0
2721
2206
0
2819
1996
174
2096
0
952
0
0
0
2247
831
2380
0
367
0
494
0
0
2088
2409
1909
1558
2315
0
0
2659
1153
1155
0
0
1111
2983
0
990
313
0
2428
0
29
0
2954
0
934
0
0
0
0
694
2382
1714
1860
0
676
0
2194
1476
165
0
0
2143
912
786
0
0
0
0
0
0
0
0
2091
0
0
2315
866
2617
0
1365
1715
1420
1746
1880
2274
2577
2864
0
0
1234
842
0
0
2988
0
1701
0
0
0
2149
703
1427
0
0
715
0
584
0
0
0
1259
165
1271
0
1837
903
0
0
0
0
0
230
260
0
476
2460
2584
2120
0
0
1639
0
922
853
1428
0
0
0
2770
1069
0
2837
0
1504
0
0
2733
1104
931
0
2954
0
0
1322
0
0
0
0
1879
674
0
1478
0
0
0
2398
2897
0
0
1432
0
0
0
0
366
2891
240
2146
2070
0
1419
0
2790
0
1589
387
0
0
0
1358
0
0
0
1818
2161
0
1361
634
0
0
0
1228
2039
21
2147
220
0
0
1321
494
0
2043
0
0
2433
2754
1086
2073
601
0
957
0
501
0
0
1206
674
1362
0
2303
0
2398
0
356
0
1736
0
0
1249
2750
0
0
1747
1744
0
0
0
0
0
2145
464
0
0
289
0
0
0
0
0
0
1602
787
0
0
2864
0
0
546
0
1682
1838
0
1706
0
2638
2569
1698
0
203
2287
1813
0
2250
0
0
1155
0
0
0
2012
0
267
0
0
0
0
0
1941
0
114
0
2919
2912
1268
0
1398
2140
0
0
1701
848
0
0
2182
2856
232
0
543
1909
1258
663
0
1341
244
2460
818
0
1802
2843
0
2378
513
0
1828
1108
2274
516
240
2561
1627
1254
2733
2953
2203
1762
0
0
2870
0
172
0
0
1813
1992
723
0
1552
849
0
657
0
2943
2762
2053
1461
2569
616
0
38
0
0
819
171
0
0
2285
0
2437
2572
0
0
2627
0
2936
2412
0
0
0
538
0
0
366
0
461
0
1648
0
722
0
1888
2169
0
1711
0
1712
0
2136
597
2128
2378
1711
0
1536
0
2944
2895
2177
0
0
0
0
2845
0
1466
0
482
1050
1947
0
0
2134
1408
1384
634
1578
0
0
2581
0
1197
2544
0
0
0
420
267
2127
0
0
1322
1313
2325
0
298
0
1310
442
0
0
940
0
0
2370
1329
0
2738
2412
745
0
1426
0
454
0
0
0
2507
2409
928
0
937
894
489
0
1127
111
1568
315
1717
2025
447
437
0
0
0
0
0
333
0
2824
2679
0
0
2071
0
0
1340
0
0
824
0
1260
0
1233
0
367
217
1684
183
900
0
1102
2801
1888
915
0
0
1653
2624
1461
272
1010
1437
0
1343
0
2249
2086
1732
0
723
0
0
1570
0
427
0
0
0
0
0
0
480
928
0
0
0
1889
205
1658
353
2398
0
262
2221
1772
1701
1856
295
0
2563
0
532
1750
0
2346
0
420
0
1658
0
0
770
1578
0
464
0
2592
1614
1198
0
619
1337
0
0
0
0
1812
0
2628
1260
1496
0
709
0
0
707
0
1570
2629
0
0
312
1304
0
2212
887
0
0
0
2265
0
2551
1776
0
1783
0
1998
0
2942
2512
0
1304
0
0
1258
425
2895
0
0
2591
0
0
0
430
1518
0
0
2854
328
0
708
0
0
148
2317
0
2548
2918
1093
2530
0
2211
0
0
2338
0
2866
0
778
2006
0
0
476
0
1590
1015
0
0
0
0
0
217
0
0
1317
2321
0
0
0
0
2915
1556
2686
2412
2789
2907
121
2259
0
0
0
23
2317
2247
0
0
0
1538
232
0
0
2132
0
0
858
510
0
2902
0
2152
1386
0
81
2888
0
0
0
0
0
0
0
0
2820
2215
744
0
755
2534
0
0
2825
2044
1258
0
0
0
62
1384
0
0
0
1200
217
928
0
937
1907
1834
0
0
2610
0
0
0
0
1249
2371
0
2178
1749
2821
2629
0
0
2038
1748
268
0
0
1367
0
0
0
205
0
75
0
146
0
0
2580
0
590
0
2342
1222
0
0
0
1674
1633
1384
0
0
1056
0
0
1793
2662
0
0
1686
0
2787
419
0
0
0
1951
1590
652
1120
732
0
0
0
2858
531
0
265
340
2575
0
0
385
525
0
79
0
2028
0
0
447
333
720
1315
1961
0
813
0
0
0
0
0
0
0
2788
0
1593
0
0
0
2861
1623
1487
1228
0
1889
0
370
0
23
0
0
279
0
303
1721
999
2886
0
0
0
94
2961
2211
0
2810
2812
0
0
0
659
0
0
0
0
0
0
1653
0
1571
2762
2129
0
0
0
0
74
0
0
1720
0
0
1476
95
2108
0
1720
1153
0
1404
0
602
2465
0
0
2861
0
0
0
0
2061
1689
0
936
1558
305
0
2143
0
0
0
0
62
155
2000
0
0
0
1301
2208
1123
1611
2053
0
155
0
0
1152
0
804
0
0
240
2391
0
416
1934
0
0
0
0
0
2110
0
1409
0
19
1462
235
0
219
0
2776
0
0
0
0
1466
0
1749
0
1749
175
0
2413
1520
2942
0
0
0
0
1036
2271
2580
0
0
0
2337
0
0
0
0
0
0
472
1684
0
95
0
0
0
1461
0
0
2178
0
1630
2179
1556
1244
1081
1326
2240
0
254
2115
0
0
892
2794
2856
2874
2375
2407
0
0
0
0
300
0
48
0
0
765
0
0
446
1712
0
0
0
950
1502
1820
0
0
2111
0
156
0
0
735
0
1774
0
0
160
0
2247
0
0
1887
2957
41
0
0
0
0
0
1808
0
1910
2404
347
2054
0
2924
0
0
285
2031
2709
0
0
0
0
0
0
0
0
1269
670
1720
0
2937
2862
1084
0
0
0
1169
0
0
0
0
837
0
1554
0
1388
891
0
0
0
0
619
2344
0
0
0
2953
2530
0
0
0
399
155
1312
165
0
1267
0
0
0
1994
1561
1155
0
0
0
2344
1768
2241
0
0
0
0
1737
1402
2740
0
0
2146
0
2009
0
2919
0
0
0
548
1591
1279
0
0
0
0
0
0
1256
0
810
691
2403
0
2456
0
119
0
0
1276
2569
0
0
1806
2243
0
0
0
0
0
2298
0
1793
0
0
0
0
0
0
2629
420
1849
911
1618
0
1463
1876
2143
1623
2314
2569
0
0
0
0
1410
0
662
881
0
1155
0
0
2740
0
1650
1286
2321
926
0
0
0
0
2268
0
0
2250
0
2783
0
257
1768
0
1536
2492
1627
0
0
0
0
380
82
1428
2507
0
0
0
2238
0
1125
0
1746
0
0
2801
538
0
0
0
0
0
2066
1138
422
0
1544
0
2774
0
557
0
365
301
0
492
2699
0
0
0
0
0
0
1492
2859
715
659
1377
0
2914
0
0
2129
899
2770
501
2194
1426
0
0
0
0
2161
0
0
0
0
0
219
0
0
2869
2920
519
916
1195
0
0
2161
258
2451
1030
0
0
2526
2675
2215
0
2347
0
622
0
0
1215
2882
0
283
2579
2569
2260
2948
0
104
377
2622
0
1908
0
2268
1444
0
480
0
0
2203
0
1404
52
0
2781
1500
2587
0
2660
504
1251
0
2716
0
1734
648
0
0
305
2577
0
2945
0
2058
1975
0
395
567
0
0
0
1983
0
2892
2238
0
0
903
0
0
2074
0
1860
2132
1657
2666
2453
944
1768
2608
0
0
0
0
0
308
2920
816
361
941
0
0
0
0
0
519
1493
0
2165
0
0
0
1046
0
1327
0
930
0
2030
0
2458
0
0
0
2516
0
0
2370
2537
493
0
0
149
2906
1041
0
0
0
0
2308
0
16
0
2418
2082
0
0
2517
0
0
0
662
0
0
774
0
0
524
2560
944
2288
1756
0
1120
0
2497
0
0
0
2986
0
2116
2117
0
1860
0
150
0
2747
1494
0
1731
1051
0
0
2467
2376
1716
0
0
0
240
0
945
2006
1667
519
2622
0
0
2404
0
0
1932
0
2383
0
0
2501
926
424
0
0
2988
0
0
0
2839
111
2463
2892
0
0
2953
0
0
0
0
1639
1507
24
0
2316
745
0
2235
0
0
2530
0
2147
0
1918
0
0
0
117
0
0
2786
0
156
1639
0
1038
1261
0
1833
0
670
1752
0
0
0
0
0
0
0
0
0
1153
0
755
0
2194
0
0
2378
0
0
0
0
2293
2036
1084
0
0
1567
958
0
1591
1420
2030
1684
0
768
1663
0
509
1804
864
0
313
480
0
0
1051
0
2063
2794
515
1893
505
0
2603
320
1357
0
1853
0
1950
0
0
0
0
0
0
0
0
0
2869
1389
2819
56
2464
0
0
0
0
272
0
0
2444
2602
1752
0
0
0
0
0
0
0
0
0
1596
1504
0
0
1177
0
0
0
2410
0
1903
0
0
2892
0
0
2594
2537
0
0
1410
439
487
0
2316
245
0
1500
1292
794
1556
2088
1965
0
2817
1109
569
954
1228
2717
254
2063
1771
132
0
1680
0
0
0
2143
0
0
1048
0
3
2918
2626
1112
0
2215
0
0
0
2220
1813
0
1254
636
0
0
0
0
767
0
0
0
591
0
0
2561
0
2978
0
2212
0
0
0
0
1155
0
0
0
603
0
0
918
0
0
0
2550
0
2575
243
0
678
0
0
0
0
1663
2219
2470
2268
0
0
0
939
0
0
0
1444
50
1331
1407
1030
2239
2292
1457
2807
1130
0
1404
0
0
447
1442
306
0
0
619
2412
2044
0
1711
0
2988
0
0
0
0
2733
0
0
0
0
0
203
0
2090
0
0
2286
174
1623
0
1388
0
2190
1632
0
454
0
0
0
0
2859
0
0
12
2672
0
681
2475
1672
0
1621
1123
0
303
1829
0
2373
1261
1828
2758
1952
0
2444
0
0
0
0
1820
2181
0
1030
0
824
0
0
2675
0
967
0
0
0
268
0
0
402
1558
0
333
0
0
876
0
0
980
965
2154
1847
0
0
1671
857
516
0
1840
760
0
1261
0
2120
1252
0
0
2815
1860
0
0
2722
2396
0
0
0
0
2520
0
2377
2942
0
1395
1446
0
1608
2136
0
1244
2412
0
886
0
0
2732
0
0
0
0
0
0
0
0
380
0
0
0
0
0
0
2145
0
0
1326
2188
2046
2507
79
0
2471
0
2891
0
0
0
0
2010
0
1803
150
982
1023
0
1971
0
0
1306
2063
1093
2929
0
0
2260
165
0
0
0
501
0
0
1468
0
2727
0
2254
0
0
107
308
0
1524
0
0
0
0
751
0
1121
0
0
0
1143
291
1228
1197
2815
0
0
519
2373
0
0
0
0
2484
0
1619
2321
0
2944
221
0
0
324
0
0
0
2859
0
362
0
0
586
0
1214
0
1721
2159
0
2648
0
0
0
0
569
0
0
2399
0
0
