1524
1296
1606
226
1445
158
382
435
13
182
1983
223
81
1832
469
1188
375
353
617
882
244
939
819
612
448
355
458
296
1024
301
855
732
1256
553
1143
755
978
1995
1263
1652
2018
239
38
1472
916
1172
662
1021
366
1480
136
716
1246
420
1549
24
257
831
143
164
466
1551
1476
499
1488
937
511
85
652
134
85
1089
545
345
57
209
899
34
1519
1231
331
1013
543
974
832
1430
73
1271
910
444
1663
366
1381
103
1193
1068
37
1
1389
1908
1479
451
2439
131
1237
2355
96
380
325
1187
940
1201
92
120
250
443
429
395
441
617
1262
1143
717
66
1220
296
1424
133
174
1523
942
1231
286
6
621
535
1186
418
981
1
800
38
21
990
406
1436
2014
479
373
1536
297
606
77
742
0
370
1809
442
832
1148
633
303
87
60
357
1059
822
1643
246
295
607
1257
1624
1092
1853
532
2734
1828
235
383
448
799
673
2063
1398
750
101
380
926
556
65
367
103
1052
925
464
679
910
1031
61
145
2073
349
1771
72
2086
1499
7
54
1789
1328
1323
1768
107
331
59
520
134
1429
885
261
687
674
47
1283
87
388
920
387
498
1213
2760
26
1055
1063
1391
2104
1701
895
593
540
1242
987
649
2026
1245
286
968
1729
1460
191
783
1643
2516
303
831
979
246
429
437
406
759
2218
2026
110
1649
406
517
96
39
366
448
157
2276
236
955
807
284
161
1744
166
1967
1503
443
140
1384
469
883
92
1352
1936
860
1240
553
1559
211
2
84
1117
454
1990
924
1321
269
112
814
2287
270
1647
192
80
761
946
1214
1764
224
1035
952
2731
185
1307
215
260
883
309
692
281
59
2121
29
1078
828
812
1573
866
799
359
648
2206
353
52
785
2213
198
321
687
44
925
43
507
284
118
389
848
356
1324
355
308
1733
288
557
612
8
73
114
175
414
782
1721
906
17
1896
495
1442
2389
191
542
866
148
653
60
129
430
544
337
834
11
260
109
205
740
1188
517
12
122
78
421
227
424
1880
1077
387
990
358
15
375
110
1434
1276
888
1074
146
46
1153
2257
152
83
1167
98
1
160
90
285
713
5
907
1896
419
2259
42
59
2649
1803
834
1848
2510
1703
827
238
1
891
138
1277
1028
1
158
1750
513
868
690
819
920
227
96
950
244
262
24
550
151
434
381
19
2718
1523
950
264
1847
101
368
902
522
266
81
402
408
66
52
451
752
2019
891
162
111
567
93
1388
21
1704
1281
36
750
816
2188
450
216
1798
2299
630
1068
89
315
693
737
444
13
792
143
751
439
31
78
2907
2048
53
1865
100
61
1090
133
503
2125
1462
765
12
922
2094
4
2284
802
98
229
421
83
881
959
30
322
1567
163
1328
36
2115
2154
776
13
1482
513
1079
1804
1151
959
10
964
38
305
575
819
1507
59
78
148
6
2187
2354
580
2586
1210
2080
1540
111
1109
409
140
1987
114
721
1548
967
575
1657
20
2133
13
167
465
739
1068
817
522
159
259
605
688
754
2552
27
812
222
2675
724
168
1934
998
1511
250
400
104
2358
17
516
811
1120
1048
1768
498
1531
1029
411
379
247
457
153
1670
945
189
24
251
578
482
1065
535
227
857
1042
1
444
187
115
761
873
0
165
481
2238
1097
1892
25
13
125
202
1212
165
73
856
828
2486
267
1493
225
341
1702
0
201
29
38
701
378
1638
666
367
1122
166
346
324
91
1036
623
848
1232
36
1823
1549
527
530
1226
140
125
200
1019
925
575
1178
1098
13
694
1624
477
1459
557
82
1293
1503
1107
57
319
2320
1214
1873
1742
560
2174
291
383
237
712
1012
1350
65
939
1794
1113
1157
260
146
1867
502
826
639
677
362
227
46
163
877
260
132
2281
2141
223
868
1887
1757
94
790
112
2628
996
748
1127
1019
602
1836
2104
1081
476
1211
500
159
1405
2000
1692
125
79
1701
1884
2079
509
489
336
198
765
444
171
446
1723
162
342
1943
3
1329
281
760
1943
1178
1452
963
111
169
19
1693
2
74
630
1484
454
13
909
1703
660
126
405
2462
329
494
1588
508
255
119
1270
1861
608
904
102
187
1163
724
312
145
459
1676
282
498
605
12
231
942
21
586
613
690
327
193
577
25
932
12
52
772
1416
1558
1293
487
1753
153
277
734
1217
150
1926
2470
2345
1408
793
2530
80
1422
956
459
520
650
843
150
69
900
1546
2055
243
1615
220
797
1200
362
482
2703
2166
107
1768
2458
282
10
987
110
889
768
709
2384
379
923
1474
964
229
1564
803
1200
1513
1438
656
200
1141
250
605
20
757
129
1188
1970
958
59
44
253
466
2097
979
565
76
38
100
1617
686
990
1255
513
154
2067
2
825
163
633
132
907
176
55
59
666
2021
0
1382
124
200
700
1729
708
113
377
9
1000
421
237
661
2633
1
9
861
23
132
1212
859
1086
1083
800
211
248
354
854
492
2049
280
12
410
945
935
1902
338
2382
142
631
852
1791
1410
9
40
803
82
1893
158
400
282
1708
491
751
608
380
213
1471
670
1071
665
2066
562
101
120
1962
167
1431
404
361
1353
1101
1050
472
1860
1336
97
2478
281
190
556
599
133
184
177
659
26
2892
278
2
408
645
544
876
541
1325
17
793
78
21
1413
275
153
2164
2080
770
415
2206
208
2042
843
536
819
24
909
320
1447
306
1281
494
96
850
673
1463
37
942
2168
902
69
441
2124
622
2075
673
865
74
615
945
2
485
358
134
324
1928
2268
2194
1604
574
46
105
986
291
38
182
2116
364
10
2567
67
984
1153
748
63
208
1363
531
2
1217
309
747
352
619
1492
91
1233
137
443
386
643
12
1308
1826
969
347
130
1074
484
900
763
735
1192
484
401
8
2122
51
1064
279
39
1725
1209
27
63
189
1256
327
58
1730
449
486
1346
1289
839
638
41
1831
196
1520
2312
2318
694
49
0
176
789
1391
789
1225
1273
484
233
424
147
872
255
724
172
191
355
512
586
389
223
34
616
416
412
2698
1219
163
1586
3
661
2391
746
177
588
178
165
293
1107
657
113
416
232
511
171
305
791
207
284
983
631
346
1330
304
2282
328
563
1348
2212
39
429
144
279
567
136
518
7
1874
833
1202
116
182
273
1466
431
620
108
1157
1277
488
2535
509
1585
0
1517
2053
16
868
849
1742
149
501
478
612
2398
1053
1629
14
1493
93
2655
769
124
1566
1428
1483
9
707
1130
103
740
261
1040
879
1020
630
601
498
127
38
593
157
606
204
1220
353
1013
1892
59
195
1987
3
1457
203
6
125
1760
419
172
287
1609
801
18
635
322
897
302
300
1486
418
25
1525
2163
1053
15
1113
94
43
97
183
16
295
84
1668
47
838
0
1566
736
251
372
331
443
1962
1293
210
527
317
325
1805
73
689
1151
467
39
582
958
448
377
494
956
556
514
823
456
139
1034
526
875
1023
2574
41
1192
752
28
1643
245
586
1771
832
46
436
348
354
1748
1602
0
382
466
868
74
176
208
1259
488
0
1607
582
2196
480
2248
1933
587
56
2309
184
86
91
1328
396
521
293
933
580
2677
2605
17
1087
1457
175
1092
2093
1235
663
2194
827
78
256
1012
1367
302
1860
2096
321
319
501
230
722
1906
321
195
470
1081
146
4
930
1283
2555
395
1655
1264
2279
598
91
16
1373
597
1102
1114
553
589
2040
933
94
348
1893
391
211
936
770
504
172
1867
235
2356
133
143
1810
423
234
57
157
151
1502
1461
248
22
1473
1459
1550
73
1101
1938
7
273
977
955
1714
452
179
133
136
4
1224
753
1012
1056
396
306
977
358
853
7
303
47
189
1960
286
662
1415
380
1908
581
838
745
80
2723
1443
1056
94
1065
299
349
1163
1964
46
544
255
140
81
57
1232
1293
272
859
945
1458
783
1549
245
1301
1647
2604
1116
7
754
1740
78
479
1367
39
333
218
342
2343
411
2589
265
212
1512
359
384
958
1713
1538
971
562
1177
252
1353
2034
980
1016
826
474
377
1605
38
725
2057
474
167
780
701
1632
2455
2675
215
709
1960
219
281
458
343
723
1230
504
646
529
112
19
1955
769
1457
728
227
342
668
71
51
98
1011
2306
1188
569
138
706
1570
623
1871
505
2254
1
337
880
372
382
1139
1174
538
476
28
63
2526
674
26
1141
911
146
452
395
1353
265
1877
255
222
1
244
587
743
1513
71
1381
710
1600
2270
174
2330
749
901
273
1
699
1
1182
122
42
81
1326
179
1930
1879
1275
951
617
72
2823
1091
23
1480
194
1660
1880
1050
602
329
667
1075
1390
1479
1409
1840
230
33
1699
337
231
64
218
2371
2206
1059
661
555
761
297
820
1049
634
970
1123
1338
9
28
113
307
2058
160
1309
29
2387
504
1525
883
768
567
701
1477
627
1236
97
1442
48
126
333
321
174
115
1298
2191
170
1441
484
109
332
1160
26
170
663
118
160
512
1529
1533
175
427
1597
1532
1792
215
1713
172
1975
833
571
22
1263
177
93
293
147
16
1005
62
1450
209
730
663
174
54
662
1332
851
284
629
196
16
257
606
286
703
2379
923
732
1688
1899
1163
998
795
961
57
635
1454
916
216
71
1311
37
265
1741
460
2307
2536
1635
190
467
29
799
2121
505
1315
806
549
84
1286
1119
1034
1668
732
40
1152
411
156
254
1316
179
583
313
394
3
719
1424
506
359
1514
1492
1574
1210
961
505
702
131
59
975
564
977
1390
1135
190
75
881
529
2307
1117
1766
1132
186
1990
125
237
1022
384
499
1495
5
127
61
1585
475
907
1100
61
138
14
329
192
348
1735
517
1462
1780
168
154
1774
0
459
63
567
215
1416
1102
437
243
194
103
170
1201
2089
157
280
1209
514
396
85
51
1137
735
1558
476
1795
1083
566
224
228
186
614
821
151
1695
39
4
1986
51
503
1040
186
1329
365
126
2622
328
1
837
8
204
94
505
2137
580
1769
1353
181
200
1649
1877
1635
876
239
1748
888
1986
321
291
98
461
173
605
1
944
566
587
1361
519
501
643
7
185
1654
189
1179
668
219
707
217
92
653
1597
145
673
1047
200
1425
552
331
962
1251
544
282
574
1552
1108
41
951
526
1102
787
619
398
114
241
147
1173
1180
127
480
27
281
560
65
182
435
918
737
266
778
387
558
528
603
16
1613
1296
550
64
1052
483
803
216
90
424
63
23
3
2754
2159
689
2441
1576
577
216
1629
324
161
167
2533
44
1775
66
931
1484
2350
444
449
1489
1985
459
388
934
120
1248
143
858
154
101
695
400
50
1925
1593
1433
1750
238
676
466
119
1484
195
356
233
2203
2033
797
515
274
608
112
295
669
962
406
602
73
252
2033
785
115
238
1001
303
679
1684
50
326
1682
423
540
1098
814
468
102
561
220
1093
284
1791
71
898
822
412
2303
1268
318
153
1214
273
1565
79
1404
118
897
1511
278
1759
581
358
693
520
1301
411
59
154
137
459
1425
1129
535
1921
1210
949
225
764
1199
388
2204
668
1797
931
357
861
150
236
1121
1334
1445
1058
1869
8
279
620
142
1520
1417
806
1750
43
348
1500
725
85
20
1107
1516
232
175
660
778
1465
414
268
1950
1291
81
382
1215
1446
1989
389
2800
232
695
18
283
172
1689
170
4
1443
1542
35
283
495
2245
2043
175
1036
9
458
861
231
381
2
488
77
965
140
411
805
671
213
694
1584
1498
257
79
2496
264
245
517
638
21
773
57
194
749
698
707
317
1808
771
1224
607
560
1257
254
180
8
97
290
463
340
2157
3
1442
180
766
2528
880
1336
2
587
262
1897
10
134
20
2385
888
941
2534
1114
1021
863
524
444
352
1364
66
77
28
193
129
787
1241
658
830
1637
631
1599
1732
259
287
464
401
0
31
777
98
242
182
221
1105
560
694
817
265
878
632
1862
725
1146
13
346
1505
175
1201
1186
1218
2232
176
333
331
9
1697
2301
85
1851
32
428
417
544
914
115
458
22
686
327
1781
2048
998
80
333
913
856
567
1301
17
1714
396
442
88
1014
14
137
1076
2802
373
259
1990
679
1081
74
1414
733
952
1571
142
107
1503
961
800
721
1652
389
210
144
407
648
324
594
96
422
2516
457
661
1492
2048
2263
784
372
304
487
77
2034
39
592
651
2946
1078
1366
32
79
711
160
434
2291
1093
711
773
296
1215
279
556
658
131
529
132
122
1304
1866
285
138
1349
1385
15
163
1480
723
1157
116
1331
104
1750
682
1335
517
466
49
1634
345
47
1320
1398
989
579
713
1201
2
1394
10
1590
230
74
70
29
450
969
521
1234
277
181
61
1276
1317
1826
941
1028
494
691
407
763
1174
690
374
2329
379
1064
929
534
1329
604
17
1190
700
185
846
2077
1380
1601
642
48
983
588
1994
775
245
392
963
182
60
1217
1248
399
612
526
1676
562
484
974
1044
352
41
837
578
354
423
566
1910
235
443
589
354
167
519
104
1849
551
1609
120
660
562
155
566
477
3
624
166
1001
68
12
479
212
1613
478
1481
7
1250
311
478
468
1893
29
411
329
11
310
671
243
447
423
1101
2639
666
1296
647
1940
125
947
2404
228
989
1747
139
2276
1761
16
891
819
535
742
1042
107
152
223
360
704
354
577
301
524
1347
1
1089
682
203
685
112
68
402
106
1701
261
204
978
0
1464
73
128
715
2380
0
1420
376
1767
835
175
335
858
1769
280
454
51
13
836
344
486
2021
1831
350
1129
353
1169
596
386
412
736
988
2747
89
1240
553
2361
1598
117
727
1111
268
424
22
412
69
34
1275
12
360
728
32
67
1193
38
1351
147
275
7
554
724
172
1316
656
2009
108
401
2208
1122
111
201
0
246
1096
2428
119
657
127
657
2001
2658
132
74
546
318
63
745
1701
214
768
819
2194
2758
1508
1452
173
980
1334
695
6
207
1870
498
2252
1733
88
121
948
591
233
614
248
447
609
252
523
60
214
633
44
521
1953
752
1100
1271
104
697
74
972
1583
728
311
1484
34
786
293
0
794
561
877
1774
32
444
85
1073
40
2054
320
2030
334
806
192
160
33
466
1138
885
1945
1182
664
24
510
6
335
1569
2111
1227
1103
637
347
520
487
2270
1132
990
1151
159
241
13
1613
27
2107
448
280
593
954
91
41
15
1555
193
16
2133
1912
19
79
372
20
1920
928
864
479
90
417
320
293
1013
808
1743
1579
170
1341
1291
1036
1572
795
1703
14
1698
150
881
61
22
73
2403
188
1219
189
477
1372
579
883
22
417
351
344
659
210
2703
175
515
2407
27
1270
816
235
286
2
1826
724
1832
137
422
1084
280
642
26
218
504
304
97
1554
1664
156
896
444
271
690
870
18
1886
1252
892
1298
2331
921
68
135
1143
152
1
270
284
2254
752
8
1854
51
584
2737
51
9
1258
523
622
1623
712
93
430
62
1278
3
243
204
47
612
1123
1226
1728
1719
639
509
451
1975
1320
241
1049
408
238
1746
640
684
321
2256
626
1
368
287
10
424
405
1217
111
1181
1253
793
1221
116
1309
409
552
1411
133
1191
17
1163
598
646
2470
141
282
198
1615
547
98
144
1194
915
35
393
933
662
1344
625
1355
1545
973
1537
69
1547
1531
246
55
0
383
300
2276
