0
0
0
0
0
411
811
625
2171
0
0
0
1283
992
0
0
0
41
0
0
10
843
672
876
876
1217
2327
0
0
0
0
77
0
0
0
0
888
1891
563
0
1508
1284
1618
546
0
0
1391
0
688
270
989
106
0
0
1711
1461
0
1923
0
2260
435
0
0
1759
1353
0
0
843
1301
0
547
0
373
0
823
0
1864
492
0
0
0
0
1058
0
0
0
0
682
0
186
1198
0
544
1200
2010
0
0
172
756
0
0
1716
0
0
201
0
645
663
762
0
153
975
0
0
0
0
918
0
430
0
1161
1233
2306
572
0
0
7
0
0
1034
128
453
1210
1043
0
0
705
417
989
0
1131
270
0
0
0
0
51
1038
0
0
0
923
0
1250
1728
0
1325
0
379
0
505
689
1372
41
0
395
0
0
730
0
0
1088
190
0
756
282
374
0
0
1296
0
0
752
0
0
2407
0
0
1283
0
1478
1188
2299
0
0
1871
1555
0
0
0
0
1198
375
443
0
0
0
0
1602
561
0
1906
0
0
0
0
0
2177
461
1016
1044
0
1058
921
239
2483
0
1531
0
0
1058
282
2726
547
0
785
0
1288
0
0
0
0
0
0
2632
0
2379
0
0
0
80
0
2044
1850
248
1210
11
0
0
0
1391
0
1855
0
439
0
0
1531
0
1038
0
1944
216
0
0
328
143
370
1206
1035
0
0
0
0
1660
1746
1725
0
0
430
2610
0
991
0
0
0
122
0
0
0
0
0
938
0
196
1579
0
0
0
1959
1568
512
0
0
1611
0
1226
501
286
373
0
1038
950
398
0
0
683
0
172
0
731
0
0
657
0
1554
0
894
0
604
0
0
51
785
1086
0
0
124
773
0
1649
2088
0
61
1626
1733
0
179
0
562
1211
0
0
0
897
1464
1480
1466
0
0
1095
334
71
2454
1223
1281
730
0
184
0
0
1568
781
0
176
0
0
0
0
0
1272
0
0
2404
0
649
0
0
0
1763
1238
0
1579
2517
0
0
0
0
0
0
1312
628
1714
51
0
0
0
0
106
720
103
2341
7
0
0
0
2485
0
641
0
302
0
1643
0
794
0
0
0
0
1569
0
0
0
0
422
0
0
0
0
0
554
572
0
0
2273
1766
0
122
726
2372
889
2109
800
1723
0
0
0
0
2152
1066
401
0
1282
0
0
47
0
2721
0
0
0
0
101
0
1658
0
0
0
402
0
2092
0
493
1482
1969
0
163
0
0
0
360
0
296
854
0
0
646
0
0
0
1178
0
0
0
1179
0
791
0
0
0
71
0
0
195
918
0
0
0
0
0
0
0
467
1351
53
6
991
225
0
0
0
1028
1529
97
0
1281
1142
0
687
326
0
346
0
0
413
915
2010
0
2109
180
1771
0
0
597
0
0
66
1988
604
0
204
0
251
0
284
688
0
0
0
0
804
0
0
0
1028
985
0
344
246
843
169
270
455
0
252
0
701
1521
728
0
471
0
2034
0
0
0
18
2297
892
327
501
573
286
2772
0
561
582
531
491
245
980
1086
0
0
0
0
0
318
173
0
0
1217
0
0
1981
1184
0
0
0
1302
61
0
163
565
0
429
173
2477
0
0
512
0
0
0
74
79
0
392
861
146
158
0
0
311
1696
0
134
172
0
0
1620
0
0
0
0
1496
1307
0
0
596
1387
0
0
0
0
0
303
1007
0
0
1693
0
0
0
1164
0
411
0
487
0
0
2099
0
0
0
0
0
0
10
272
511
0
0
0
424
0
902
0
0
0
1067
100
630
393
0
1643
0
0
0
0
2629
0
185
0
0
963
1408
78
0
666
0
268
0
160
1671
0
1895
811
7
1043
0
42
0
0
0
0
0
0
0
0
1697
2111
1008
1864
2582
1888
0
0
369
53
0
2019
0
2591
0
74
438
0
2277
961
0
1164
0
386
2391
0
0
404
1253
1158
0
1914
1282
0
1524
0
2430
0
311
718
0
0
0
1206
176
170
0
1491
403
479
0
0
1207
0
1250
1041
464
0
1038
421
0
1035
658
0
0
916
672
1288
0
1336
0
0
0
1067
0
0
101
867
173
225
57
158
0
0
1707
1626
0
1287
323
1086
0
1687
975
224
1210
1883
0
0
0
97
1175
574
648
1726
0
2027
0
0
413
849
1052
0
467
1075
268
0
0
2847
0
327
1233
2407
0
0
692
0
294
0
0
0
0
0
0
0
361
0
7
0
0
0
0
2665
546
0
575
0
0
0
2091
2425
0
1746
794
663
758
0
0
689
224
0
0
0
284
0
1325
0
0
2484
1861
406
35
47
0
1760
1762
0
0
1361
0
1058
1113
1629
0
0
872
1131
0
1620
1970
0
0
1946
145
0
0
582
96
1996
0
0
0
0
1121
176
0
446
0
672
0
0
0
0
0
0
499
0
58
0
1721
849
299
0
894
2559
1257
2109
0
1041
0
2775
823
0
122
1258
0
1119
262
148
346
969
1357
325
0
42
0
0
0
599
1
1549
1007
2479
0
0
327
1497
97
0
778
340
0
820
0
1631
684
1636
0
81
0
1962
389
420
2019
0
0
1832
0
0
0
0
47
2677
0
896
0
0
2771
1256
0
0
0
0
501
1525
0
604
0
0
0
0
0
0
1233
1430
0
0
0
0
1401
585
0
0
0
0
1727
0
701
0
1900
690
1759
532
0
2479
596
2486
0
0
0
0
2643
746
2625
0
1285
600
0
2450
0
2679
0
2177
0
2372
0
0
78
0
38
0
1645
1523
222
0
0
172
720
0
0
0
594
145
0
289
0
0
1058
0
0
607
902
1323
0
446
0
2398
71
162
0
0
0
881
286
0
0
0
692
66
564
2255
0
0
0
1857
706
51
0
0
414
0
0
0
0
0
221
1573
511
0
0
1288
173
0
0
0
0
0
0
0
1351
0
0
833
0
0
0
0
0
1468
1590
1296
0
0
0
0
1962
78
188
0
1457
0
1744
1901
0
1165
0
1184
0
2162
0
148
641
0
1394
282
594
106
1480
2137
0
0
0
1766
176
1744
0
1669
0
1371
1268
512
0
0
0
1271
10
0
133
2801
832
0
1223
1033
1693
1343
325
1530
0
771
1733
1179
1543
0
2402
0
0
0
0
0
1128
422
1033
1412
0
1133
0
1458
1093
0
1507
2092
1515
1842
0
0
0
1523
0
0
0
0
350
190
0
0
0
0
0
0
45
479
0
0
997
0
0
728
0
0
1854
0
0
1729
0
2605
1015
127
1670
0
0
0
222
1531
1996
336
414
0
0
0
0
1442
0
0
1200
862
1169
0
371
0
359
0
2237
436
1718
836
2497
1763
0
256
991
654
0
1861
0
2868
0
0
0
854
0
0
0
0
0
730
0
0
1764
1091
1522
999
695
0
0
42
18
1987
554
0
0
1001
683
955
386
668
364
1620
1345
1716
0
1436
0
487
867
0
143
0
783
106
907
0
1037
0
1345
2233
24
0
0
78
0
903
732
0
1368
2527
0
2481
0
208
1015
2216
0
1308
0
0
889
0
0
0
0
509
666
0
1571
1900
0
0
0
1708
0
0
0
563
0
449
1901
0
0
0
0
117
1463
1426
1350
1359
0
0
1458
0
944
0
0
0
0
0
0
2013
318
135
1272
902
897
0
0
749
0
7
397
95
0
0
44
503
0
79
0
1008
613
0
1964
0
1008
0
1695
0
525
791
0
524
619
0
0
0
0
1046
982
0
1462
0
0
0
0
0
0
224
2122
1257
0
360
785
0
1716
11
435
0
0
1223
0
742
0
991
2336
373
192
1049
0
0
1873
0
1760
600
1462
0
0
888
57
0
1250
417
0
0
1371
1368
133
327
1048
0
0
524
0
1188
327
0
0
975
0
0
0
0
2172
1687
783
109
2690
1216
0
511
0
321
174
689
2222
761
1896
0
170
2621
0
2288
1366
125
1585
458
0
2292
0
811
1613
0
1177
1948
0
0
2624
965
302
0
819
0
0
0
0
1463
0
163
0
918
0
1543
0
1588
0
0
1300
0
0
0
0
27
0
536
662
460
598
0
0
701
0
0
0
0
1442
0
0
0
0
2470
648
1931
329
0
337
0
0
1658
1483
0
0
1099
0
0
2117
998
0
0
224
0
0
0
0
0
564
730
1949
43
0
0
1608
1417
0
323
0
180
100
0
2508
1997
0
0
0
0
794
128
1114
371
0
0
533
1272
2285
0
77
1325
0
739
663
239
0
0
738
940
1274
0
0
243
114
719
1363
0
0
948
509
1710
0
0
0
0
263
0
0
2476
562
0
0
1620
1149
1636
0
2143
0
0
174
2216
0
0
1233
0
0
0
40
0
0
0
0
0
1454
492
1926
1024
0
706
1907
2414
0
0
778
0
0
0
136
432
1505
467
0
2842
2676
1142
0
440
204
0
327
97
2308
0
0
2172
0
177
504
542
0
0
1291
1090
657
1040
0
224
0
0
0
1665
0
243
0
550
269
0
863
1685
0
0
0
932
1048
2325
0
35
0
101
1151
707
2403
0
0
0
0
746
2599
1612
0
0
0
180
0
218
0
0
0
692
61
0
0
0
851
0
0
51
773
0
422
733
42
0
184
0
738
0
2043
2320
0
0
1086
1016
0
0
2317
0
0
0
0
1789
172
655
0
0
0
849
0
0
1216
0
1572
876
561
0
1097
419
2260
1278
0
0
596
676
0
0
51
0
0
1745
0
0
346
1035
1257
853
27
0
999
1408
738
0
0
1034
866
0
1922
0
1661
0
0
1058
373
1709
2573
134
0
0
1522
0
0
1045
2273
0
0
519
2489
961
0
0
0
2432
1011
373
0
0
0
0
1657
847
0
0
0
0
1061
57
0
864
0
0
0
113
0
2744
1387
422
454
2137
0
0
138
546
836
0
1043
675
0
1234
0
658
0
0
541
472
2096
672
424
0
0
0
902
0
1
0
1781
0
0
0
0
1661
0
0
0
1412
2216
1335
814
0
2110
642
913
0
0
176
1295
0
388
2069
0
882
0
785
1236
0
0
1456
143
1091
1745
524
0
0
1614
0
0
0
0
0
1111
0
1571
102
0
0
0
0
0
0
320
2285
0
0
0
256
0
701
878
419
0
717
0
1819
0
0
692
1754
991
175
360
355
0
1763
2802
1884
1345
0
0
1629
0
368
768
42
822
1598
1245
0
0
0
0
221
872
2124
0
128
0
932
0
1362
1412
1144
0
0
318
0
14
1283
0
0
133
0
0
1717
2678
284
152
0
274
592
0
0
0
0
347
163
0
1158
1176
0
0
1818
2091
0
547
1624
0
2348
147
0
0
487
0
193
0
1195
913
0
0
363
61
2444
0
0
0
1206
0
0
1548
0
2222
0
1602
0
0
0
2550
0
0
0
299
1253
42
0
0
668
36
1857
0
74
0
0
0
0
126
0
719
604
0
942
0
0
0
0
0
1769
0
0
0
0
0
0
1733
746
0
175
0
0
346
0
0
486
0
712
0
1118
373
0
0
0
0
1864
1952
323
598
1598
377
462
0
0
1207
370
0
0
0
971
0
816
0
0
0
0
649
2276
1048
0
877
0
583
1722
0
0
0
709
1555
0
0
2383
102
508
1631
103
888
0
0
1702
0
734
74
0
721
1040
1716
0
0
760
0
559
1444
0
0
7
1693
683
0
0
0
1547
1038
145
0
0
0
0
0
1776
0
0
0
0
0
1482
536
0
0
0
139
0
1328
2733
351
1482
0
0
0
1008
0
0
199
892
0
0
1217
0
1712
0
1190
0
849
794
0
0
0
152
0
0
547
0
189
0
0
1810
176
737
0
337
2085
0
0
0
0
0
0
109
585
0
0
2731
1228
1447
254
0
282
1426
0
945
1493
0
303
0
1908
0
785
0
817
1696
860
820
0
0
0
524
0
373
0
0
1743
2274
1210
0
327
0
216
1702
894
0
27
1693
0
0
0
649
368
0
0
0
499
0
143
0
0
0
785
0
0
0
370
1442
82
172
814
648
412
0
0
0
0
660
0
0
0
1391
1040
2172
0
720
0
0
10
196
0
0
328
0
322
0
525
421
334
0
0
0
0
0
0
655
373
0
2060
380
254
811
2330
112
0
0
902
0
0
212
722
66
0
0
250
291
0
27
354
0
1155
0
918
0
773
1163
629
262
0
0
2792
0
213
2081
660
0
141
34
0
1466
683
2629
1762
1327
0
834
1493
1540
1133
2456
0
0
1302
0
541
34
0
0
2228
0
706
0
0
1728
0
0
0
74
178
1434
1607
0
1296
0
1073
0
470
1789
0
491
0
0
347
0
584
1959
0
955
0
1426
659
109
1435
646
1557
0
860
0
710
0
1038
0
0
1023
1162
837
0
0
0
0
0
345
940
338
1054
87
294
1242
0
0
0
0
1361
0
0
1710
0
0
974
710
710
0
42
0
0
0
1997
141
268
1073
0
608
504
0
0
854
0
1296
0
2311
0
0
1596
519
1179
1119
1759
0
0
0
0
0
0
0
0
0
1438
0
720
0
591
0
0
701
2273
791
0
0
742
74
726
0
865
1500
0
409
0
0
18
1947
881
1643
0
163
1602
2651
1922
633
575
50
27
0
0
773
1465
512
1643
0
0
0
0
737
0
0
0
0
0
0
654
0
641
860
0
0
2291
2847
0
286
0
0
0
2645
248
0
809
1916
0
0
0
0
1778
0
0
0
1211
0
2178
195
1693
2707
0
654
1426
0
0
0
759
0
7
0
1453
365
0
128
785
0
1526
0
0
1483
1408
195
2273
0
1350
0
0
0
1424
1531
70
1731
1200
972
0
0
0
1297
0
1258
422
0
1620
0
0
0
1714
1898
0
0
683
1902
1534
739
1034
0
409
0
897
393
1073
0
2659
0
0
0
2550
369
782
0
0
0
1842
1228
0
0
0
772
832
1220
0
0
0
0
1049
0
454
33
0
1529
245
744
97
172
15
0
0
2088
0
0
415
0
0
0
1443
0
0
0
0
178
1013
0
40
2711
565
0
0
0
0
417
0
0
0
0
0
0
0
903
113
0
1944
0
1223
888
1704
1230
0
742
0
0
0
0
0
1533
0
66
26
2109
1637
0
0
0
0
0
0
0
323
0
223
0
2288
791
1833
0
0
424
0
536
0
161
1582
0
0
0
229
0
0
0
0
0
1695
1922
0
0
0
156
526
0
2188
42
0
0
2523
289
193
0
0
0
0
584
0
453
0
1823
0
424
1236
952
864
0
628
1482
1566
504
0
0
0
628
0
117
1118
0
0
2572
0
0
0
216
0
0
0
0
0
439
1331
0
1598
468
1961
0
0
0
943
902
0
0
0
0
0
1003
921
1260
447
0
0
1779
0
1017
0
109
501
0
0
1178
0
0
1086
0
0
0
0
491
0
0
0
0
0
758
0
0
0
2401
730
84
0
1630
55
1543
176
0
0
0
0
1195
0
0
1895
1004
77
0
449
216
