128
125
1701
799
67
1725
1166
370
80
481
533
606
82
8
2273
272
2646
637
955
661
484
2418
63
47
269
162
1864
364
873
135
947
401
126
1380
56
54
2756
279
352
327
633
1453
114
319
1142
219
5
1100
495
88
13
1948
37
773
823
284
1012
612
195
248
1585
1517
37
159
1940
768
482
419
659
245
1599
923
879
99
47
1789
227
62
1059
826
84
345
1269
1026
499
1065
1330
2486
962
283
730
83
87
91
724
2421
859
64
4
228
2257
808
2725
1517
4
1479
365
128
1957
154
706
633
488
413
2409
339
1502
876
831
1472
53
138
704
1668
1390
989
992
146
123
297
1321
374
201
776
1318
874
724
745
751
317
671
296
178
463
139
156
44
272
1722
715
1229
1086
429
203
1276
45
2116
1047
139
279
351
158
959
242
54
28
1150
1429
251
1012
404
360
31
30
565
1449
883
776
1096
7
330
2013
137
406
828
106
795
383
1596
618
209
851
879
969
1304
476
76
32
1867
1283
362
36
80
526
377
592
216
577
351
56
890
310
285
1594
2080
455
129
1917
1142
87
1940
687
1728
144
378
207
10
1087
277
157
1814
9
325
57
117
3
1729
415
120
1390
120
188
112
582
2493
1149
192
162
726
1356
1810
715
1069
423
188
257
1086
425
694
1824
1427
208
733
1010
140
35
409
2701
140
8
172
2228
18
202
318
428
404
350
311
1275
125
1392
66
1008
1288
2912
221
988
2802
648
86
375
443
699
1620
336
423
41
830
248
326
472
699
43
1139
758
615
161
2056
24
980
1270
337
371
1241
603
585
303
534
1241
770
605
358
1244
1838
26
1244
247
1233
487
5
247
952
523
205
738
111
164
1584
1958
757
974
611
868
913
1273
533
0
176
453
104
61
170
551
1143
405
339
2259
835
177
459
1223
862
2465
893
1907
912
146
1848
1976
788
10
259
100
312
537
17
548
2048
377
138
103
1573
1243
1472
2496
1507
191
1794
29
1644
275
201
977
1710
203
1850
228
633
69
86
190
891
404
564
638
18
374
355
346
1101
2509
1711
448
119
1102
779
478
554
520
1064
757
585
193
648
285
606
49
123
56
153
870
2092
72
1569
1232
691
851
111
393
682
291
1597
273
344
184
52
1311
878
1077
0
2163
1090
1277
1051
2068
554
2313
21
93
1
1792
61
131
305
611
820
190
1731
178
688
652
70
2125
669
486
620
1024
1656
246
1374
1258
2290
895
298
640
112
126
357
1318
33
707
180
55
1394
331
757
961
1553
1525
881
1509
367
1681
24
603
400
944
802
786
2344
30
132
767
590
262
379
2035
93
29
465
1055
380
1994
2274
215
110
95
668
65
126
208
157
2
20
21
513
2288
20
2285
692
117
347
53
379
62
334
349
137
1187
1290
1189
408
809
6
23
216
1247
1729
937
43
62
1627
235
1470
547
233
20
110
291
1546
35
313
838
83
821
154
874
854
1199
27
2269
346
1115
473
1765
439
323
1360
206
901
235
143
144
219
351
2206
1214
1399
1387
821
1189
2117
49
648
938
121
864
514
534
1133
1422
1048
1454
613
306
1376
2552
475
1434
82
50
1261
353
143
147
131
777
868
1823
506
1846
1039
274
771
1934
17
876
739
2162
21
826
94
280
603
252
1357
289
28
333
217
1970
281
79
1850
241
267
1817
75
1367
45
82
807
873
1314
598
501
228
4
1687
1372
523
316
905
1030
1613
1019
232
233
425
589
92
168
582
986
190
465
28
79
1545
5
1528
46
4
25
1470
132
122
657
530
1055
1373
1791
815
935
1245
207
671
2821
232
401
3
1760
1043
538
778
301
598
566
130
243
981
416
1320
244
608
208
1272
2046
200
466
1251
1805
740
52
26
1623
279
1506
2012
86
2
43
2006
164
1603
987
567
2127
300
161
1257
408
541
210
232
2103
143
1571
1447
1538
4
24
717
1150
428
152
512
61
132
592
30
359
146
389
1661
2005
1938
83
2644
1557
309
831
1527
1386
297
1386
103
229
777
1972
436
412
604
0
461
33
270
409
1
183
839
571
96
138
792
397
1813
444
192
1384
4
105
1355
1319
1001
330
1744
2
2230
354
703
1
1313
740
770
607
412
1374
2060
526
1713
1577
224
3
371
1488
621
95
1944
249
166
249
1439
397
5
53
22
1340
14
42
807
679
1571
2814
989
975
952
558
644
176
2319
365
1434
1223
2176
917
1250
594
2636
156
1221
555
49
1667
624
489
988
251
202
1125
1015
1328
1764
1025
618
1546
70
313
176
497
2324
1317
153
1852
181
846
1054
144
752
624
1029
1388
550
1361
1712
1229
1700
758
176
1140
1321
172
857
798
2265
91
406
418
1034
123
104
2364
541
215
164
2204
918
892
1483
1240
35
1468
507
1290
97
1637
912
251
126
14
1467
1235
819
481
419
1507
640
179
907
362
821
538
755
2920
532
1159
561
135
170
57
125
680
1112
53
220
369
263
2164
447
97
380
1001
712
142
1770
568
55
1098
1080
301
1286
68
787
1021
1128
182
116
1563
599
312
2113
145
14
613
987
1207
1032
2420
636
88
77
1034
107
956
189
2750
1412
1605
1059
422
121
149
106
804
88
495
312
1363
631
26
896
38
551
685
917
744
122
1044
2022
757
426
651
416
475
712
13
1120
1106
1993
1580
14
344
407
524
415
1275
733
831
1564
254
346
543
2206
59
125
731
3
316
2208
191
1286
1185
145
200
1157
23
419
17
59
151
175
19
34
336
351
889
285
23
17
296
761
1506
248
276
1764
440
1310
557
14
134
343
471
900
686
1403
2
1613
1178
23
50
2221
753
141
677
217
318
530
92
160
347
1719
1096
673
1634
2118
904
151
1292
708
815
1953
248
1066
38
414
26
183
578
88
990
124
141
323
15
195
2186
295
1841
353
98
221
83
37
129
522
369
309
71
1395
798
2151
271
24
1062
1647
269
940
105
1562
486
26
247
7
1643
1031
566
80
1162
387
2048
456
1014
425
249
355
1010
749
647
181
77
82
203
1073
1399
167
332
476
0
578
73
44
901
869
855
837
139
538
399
776
1220
442
273
625
1140
1361
2311
1123
1385
94
623
159
1025
32
286
1051
691
427
8
1551
1206
247
229
2028
376
1190
684
760
1
116
2168
207
237
52
394
184
1405
181
132
211
36
62
1166
173
249
120
643
2061
97
1506
104
1043
1164
1016
766
28
967
123
1766
1629
147
1741
773
2092
383
20
95
56
96
403
959
1167
311
591
582
2290
64
613
620
341
99
227
614
5
220
1986
1760
889
1946
559
1308
405
37
826
96
132
1562
1762
105
23
810
37
15
735
474
18
269
1513
849
60
1412
148
648
879
439
196
2541
143
143
512
2350
947
423
1178
136
120
73
70
2344
659
806
1120
871
55
1597
1482
1200
39
476
9
2073
396
284
173
81
447
1441
175
1269
113
1855
968
195
2199
440
359
1442
551
1986
2254
66
66
409
486
1552
84
203
1082
122
2150
202
951
1492
1018
1455
219
182
602
266
832
1171
206
108
462
766
223
1631
759
1645
2271
2258
179
1524
2141
1018
488
585
958
79
538
977
943
351
912
2409
262
539
552
16
989
606
487
246
89
181
574
924
158
595
1267
889
253
264
1432
48
220
562
1177
249
2271
646
177
781
595
52
1884
437
374
175
397
265
1314
328
239
242
118
556
2131
600
163
1243
320
1521
1275
1390
493
1015
238
1147
688
615
1167
27
610
96
73
1463
567
837
2070
2232
1698
952
365
560
69
542
1127
1812
636
122
1189
1010
2129
143
1930
1231
665
752
1120
1267
1025
1157
1132
58
73
686
73
118
542
700
2433
752
838
677
661
216
464
433
705
87
1304
1308
4
170
1620
366
148
2038
365
138
1038
229
686
416
905
1588
425
1063
1923
166
864
681
95
1316
637
2
1159
285
330
373
256
1998
630
951
803
1496
13
1933
906
19
423
393
2058
0
2300
4
630
647
315
62
1268
1025
1817
227
90
203
785
37
1277
627
472
586
480
77
281
111
1338
1025
507
0
556
122
360
553
442
220
686
867
1867
358
60
22
199
65
204
88
407
2120
567
48
414
0
959
87
2254
70
46
1677
698
1380
205
1207
97
307
714
520
899
136
216
550
293
480
351
197
468
130
1283
116
693
267
4
64
1498
1274
197
798
2390
473
42
431
595
235
212
576
890
272
169
203
2849
49
1184
321
24
1299
283
813
17
229
49
962
229
163
44
1401
260
1993
1428
199
447
864
622
44
1043
1127
2390
2074
2496
403
925
1386
413
354
75
803
253
14
16
583
1084
304
139
1720
795
129
1090
13
60
1512
119
296
66
20
165
281
703
166
62
337
118
210
155
2505
2445
60
957
1078
25
221
493
814
551
307
388
1445
140
43
1946
423
245
387
540
1214
1370
124
48
1622
2804
496
356
721
514
22
565
21
1123
1811
79
1889
1236
209
1604
1099
20
72
772
1718
1090
1364
961
2396
780
1885
193
201
355
2167
0
100
320
20
315
118
10
56
929
62
23
701
314
4
285
1084
1287
511
731
273
1335
255
769
155
899
778
179
1188
819
1396
14
1117
385
166
741
67
1343
2093
26
413
735
92
2101
198
7
1486
711
639
1424
1801
1440
210
85
470
1324
1120
70
130
1451
769
306
103
905
167
944
1081
2096
390
263
344
85
102
37
362
492
1386
500
156
568
1564
151
249
65
408
223
2193
1786
221
67
53
1904
518
415
195
1099
259
587
93
657
82
2379
362
97
35
395
31
428
1385
784
1635
2479
147
801
311
979
1167
31
473
227
1915
192
16
108
50
778
640
339
1323
1895
1033
267
432
758
766
244
684
847
1012
1336
750
2235
839
601
285
2390
100
564
271
1159
235
750
1140
1185
543
445
577
1373
603
397
2040
494
320
1799
846
1089
25
120
141
1149
1196
769
694
1903
334
2763
330
11
959
1518
2081
2521
552
256
709
277
905
299
108
1381
588
2031
1213
1055
667
721
939
1524
311
965
2732
1349
1017
924
174
1434
66
807
818
1045
113
330
336
2077
238
720
381
121
1929
150
335
1495
143
145
189
1738
1044
665
1401
733
386
33
1446
1164
1275
671
76
7
394
1698
702
381
312
270
796
10
539
1032
716
588
62
297
268
813
296
597
1955
60
118
2083
143
1432
533
7
67
65
893
269
472
1416
51
380
731
206
830
18
1903
25
1548
1049
111
1071
1370
589
974
290
157
216
294
1684
72
288
2827
2173
2132
1513
1393
68
177
882
1646
143
619
134
1913
1
563
242
2813
348
62
1185
1153
425
1273
1861
276
1683
1074
827
400
908
237
569
1609
1694
2328
1506
1770
1141
543
1247
82
493
606
870
397
1529
1950
614
2262
817
386
1085
317
22
2178
1589
743
876
424
827
1334
25
86
1993
679
2166
706
83
1393
262
103
31
206
648
167
593
1438
1164
925
994
689
571
717
135
66
108
184
1082
767
831
149
741
1143
229
743
48
555
1575
940
482
10
500
2281
1089
1500
792
871
77
2059
942
248
848
1214
158
367
223
29
1178
2
201
2676
281
1845
539
550
977
2109
100
193
62
354
2189
157
164
2032
931
767
1721
2379
1561
2230
1174
1658
397
120
1344
243
819
1077
1148
727
419
2813
3
1784
145
896
648
1043
1145
276
78
1315
401
179
1336
2098
65
156
1148
2693
596
225
1426
588
550
1201
12
1230
1593
262
713
1365
51
248
104
2018
811
525
2524
67
1515
88
1621
887
86
614
646
75
72
830
1220
357
2028
95
1212
1091
11
358
1227
122
960
581
1692
456
465
1600
192
1523
830
241
475
1715
1879
420
859
469
48
1879
294
21
90
911
9
1427
1030
34
477
835
1055
384
138
564
605
810
257
1108
73
525
2042
414
52
220
393
2515
50
84
2134
385
854
1583
931
856
805
126
34
1812
2361
3
1194
504
1734
2044
556
214
1544
80
384
144
185
2042
347
783
110
1357
2
4
25
1370
898
96
1908
1886
564
455
60
178
666
1086
140
268
2533
502
531
52
884
1136
22
215
709
1858
346
2031
320
20
641
976
243
1850
69
568
137
1747
286
2167
171
187
617
18
571
790
819
987
439
1745
513
13
2109
269
2006
552
2572
1344
268
649
552
51
846
849
1525
510
1774
260
1560
1819
1793
990
541
203
239
524
2719
168
985
1222
941
476
922
582
1566
109
1703
643
262
894
168
139
1448
1048
953
762
77
1755
493
1013
158
443
484
1422
471
364
981
982
473
159
163
1162
1834
1465
447
732
1952
788
520
50
1355
746
228
1090
156
2654
926
2111
2193
2406
90
2114
22
780
537
2040
364
117
1412
1493
1405
983
172
495
463
1348
310
419
361
465
338
541
623
1084
46
55
650
1217
4
1280
1043
15
2589
49
540
476
857
1083
28
710
32
753
340
286
635
1239
867
243
191
42
248
1263
1310
417
1127
2
113
10
118
769
460
994
572
1806
2181
1058
54
1201
17
882
924
1349
83
490
310
1637
917
20
86
625
232
412
284
380
1656
1394
683
1622
832
6
585
498
1568
10
2003
1140
2309
985
1309
607
618
721
1152
1204
5
20
672
405
450
46
1792
69
451
360
16
170
522
7
1720
1922
349
603
229
740
1206
2269
408
365
92
633
628
49
267
1635
1582
445
424
121
185
948
2237
768
365
147
84
1299
241
585
8
115
275
1487
1010
197
49
83
66
1639
620
685
690
82
2398
578
763
1330
1549
225
2569
102
1571
79
1458
1091
85
2646
45
975
1422
412
761
1130
617
1119
870
216
1441
1918
237
1238
1018
176
441
850
471
109
1146
1702
232
2052
1735
413
775
2596
2006
162
1574
318
2474
319
661
1307
52
2698
160
1360
1278
103
74
17
1607
101
500
1427
319
453
34
1255
828
1377
6
66
383
731
383
433
44
1026
65
1273
563
1265
1030
577
2411
2379
1972
1409
1823
835
188
1242
514
43
463
263
288
121
74
314
848
41
1383
1265
551
841
247
1454
444
299
387
18
185
86
814
78
1852
541
490
7
224
293
1591
1039
1055
540
134
1234
1593
145
356
49
8
255
145
195
202
1129
9
248
363
309
750
389
1063
466
587
246
402
970
218
210
1085
1818
1462
632
104
40
1059
828
1384
55
488
591
244
43
1546
19
843
77
119
2007
171
269
1426
1795
493
680
425
1524
889
784
928
1747
620
278
215
606
705
453
322
1446
1254
193
466
1281
299
408
1330
420
13
83
963
1312
1382
172
273
266
60
2369
46
472
970
1135
216
276
2101
1197
1235
301
1125
878
399
247
1255
549
124
0
68
1439
63
72
576
549
125
1935
23
796
1226
1375
1541
173
396
88
1774
1051
1936
725
1684
2252
612
61
486
36
28
821
278
1761
716
214
82
571
734
268
333
1065
1015
57
979
1615
520
817
845
2139
579
861
455
172
366
627
43
227
1282
542
679
2609
1256
235
860
472
165
895
2122
653
49
1031
323
338
1303
28
1048
331
238
225
560
2080
1283
6
360
366
1208
877
2005
538
822
995
1798
146
83
35
238
1236
116
2132
2110
1800
153
278
627
1606
1353
655
385
1982
834
1386
1151
74
510
437
678
544
1290
661
329
1474
282
0
481
111
363
1288
1160
395
129
764
307
1098
756
932
52
183
1818
325
267
1921
2242
