C1:
Ma tran ke:
0  1  0  0  0  0  0  0  1  0  
0  0  1  0  0  0  0  0  0  0  
0  0  0  1  1  0  0  0  0  0  
0  0  0  0  0  1  0  0  0  0  
1  0  0  1  0  0  1  0  0  0  
0  0  1  0  1  0  1  1  0  1  
0  0  0  0  0  0  0  1  1  0  
1  0  0  0  0  0  0  0  1  0  
0  0  0  0  0  0  0  0  0  1  
1  1  1  0  0  0  0  0  0  0  
vertex:	1	2	3	4	5	6	7	8	9	10
deg+:		2	1	2	1	3	5	2	2	1	3
deg-:		3	2	3	2	2	1	2	2	3	2

C2:
Ma tran ke:
0  1  0  0  0  0  0  0  1  0  
0  0  1  0  0  0  0  0  0  0  
0  0  0  1  1  0  0  0  0  0  
0  0  0  0  0  1  0  0  0  0  
1  0  0  1  0  0  1  0  0  0  
0  0  1  0  1  0  1  1  0  1  
0  0  0  0  0  0  0  1  1  0  
1  0  0  0  0  0  0  0  1  0  
0  0  0  0  0  0  0  0  0  1  
1  1  1  0  0  0  0  0  0  0  

DFS path: 8 7 5 6 4 3 2 1

C3:
Ma tran ke:
0  0  0  0  0  0  0  1  1  0  
0  0  1  0  0  1  0  0  0  1  
0  1  0  1  0  1  0  0  0  0  
0  0  1  0  1  0  1  0  0  0  
0  0  0  1  0  0  1  0  0  0  
0  1  1  0  0  0  0  0  0  0  
0  0  0  1  1  0  0  1  1  0  
1  0  0  0  0  0  1  0  1  0  
1  0  0  0  0  0  1  1  0  1  
0  1  0  0  0  0  0  0  1  0  

Cac chu trinh Hamilton xuat phat tu dinh 10:
10 2 6 3 4 5 7 8 1 9 10
10 9 1 8 7 5 4 3 6 2 10

C4:
Ma tran trong so:
0  2  0  0  1  2  7  0  9  11  
2  0  3  0  1  0  0  0  0  11  
0  3  0  4  1  0  0  0  0  0  
0  0  4  0  1  4  0  0  0  0  
1  1  1  1  0  1  0  0  0  0  
2  0  0  4  1  0  7  0  0  0  
7  0  0  0  0  7  0  7  7  0  
0  0  0  0  0  0  7  0  8  8  
9  0  0  0  0  0  7  8  0  9  
11  11  0  0  0  0  0  8  9  0  

Cay bao trum nho nhat theo Prim: 
dH = 34
8 10
7 8
1 7
1 5
2 5
3 5
4 5
5 6
7 9

C5:
Ma tran trong so:
0  2  0  1  0  0  0  0  
0  0  3  0  5  0  0  0  
2  0  0  1  0  0  0  0  
0  0  0  0  1  0  0  0  
0  0  0  0  0  1  0  1  
1  0  1  2  0  0  0  0  
1  0  0  0  0  0  0  0  
0  0  0  0  0  0  0  0  

Duong di ngan nhat theo Dijkstra:
K/c 1 -> 1 = 0; 1 <- 1
K/c 1 -> 2 = 2; 2 <- 1
K/c 1 -> 3 = 4; 3 <- 6 <- 5 <- 4 <- 1
K/c 1 -> 4 = 1; 4 <- 1
K/c 1 -> 5 = 2; 5 <- 4 <- 1
K/c 1 -> 6 = 3; 6 <- 5 <- 4 <- 1
K/c 1 -> 7 = INF;
K/c 1 -> 8 = 3; 8 <- 5 <- 4 <- 1

