C1:
Ma tran ke:
0  1  0  0  1  0  0  1  0  1  
0  0  1  0  1  1  0  0  0  0  
0  0  0  1  0  1  0  0  0  0  
0  1  0  0  0  1  0  0  0  0  
0  0  0  1  0  1  1  0  0  0  
1  0  0  0  0  0  1  0  1  0  
0  0  0  0  0  0  0  1  1  0  
0  0  0  0  0  0  0  0  1  1  
1  0  0  0  0  0  0  0  0  1  
0  1  0  0  0  1  0  0  0  0  

vertex:	1	2	3	4	5	6	7	8	9	10
deg+:		4	3	2	2	3	3	2	2	2	2
deg-:		2	3	1	2	2	5	2	2	3	3

C2:
Ma tran ke:
0  1  0  0  1  0  0  1  0  1  
0  0  1  0  1  1  0  0  0  0  
0  0  0  1  0  1  0  0  0  0  
0  1  0  0  0  1  0  0  0  0  
0  0  0  1  0  1  1  0  0  0  
1  0  0  0  0  0  1  0  1  0  
0  0  0  0  0  0  0  1  1  0  
0  0  0  0  0  0  0  0  1  1  
1  0  0  0  0  0  0  0  0  1  
0  1  0  0  0  1  0  0  0  0  

Duyet tai dinh (1): 1 2 3 4 6 7 8 9 10 5
Duyet tai dinh (2): 2 3 4 6 1 5 7 8 9 10
Duyet tai dinh (3): 3 4 2 5 6 1 8 9 10 7
Duyet tai dinh (4): 4 2 3 6 1 5 7 8 9 10
Duyet tai dinh (5): 5 4 2 3 6 1 8 9 10 7
Duyet tai dinh (6): 6 1 2 3 4 5 7 8 9 10
Duyet tai dinh (7): 7 8 9 1 2 3 4 6 5 10
Duyet tai dinh (8): 8 9 1 2 3 4 6 7 5 10
Duyet tai dinh (9): 9 1 2 3 4 6 7 8 10 5
Duyet tai dinh (10): 10 2 3 4 6 1 5 7 8 9
-> Do thi co huong da cho lien thong manh

C3:
0  1  0  0  1  0  0  0  1  1  
1  0  1  0  0  0  0  0  0  0  
0  1  0  1  1  1  0  0  0  0  
0  0  1  0  0  1  0  0  0  0  
1  0  1  0  0  0  0  0  0  0  
0  0  1  1  0  0  1  0  1  0  
0  0  0  0  0  1  0  1  1  1  
0  0  0  0  0  0  1  0  0  1  
1  0  0  0  0  1  1  0  0  1  
1  0  0  0  0  0  1  1  1  0  

Chu trinh Euler:
8 7 6 3 2 1 5 3 4 6 9 1 10 7 9 10 8

C4:
0  1  0  1  0  1  0  0  1  1  
1  0  2  2  0  2  0  2  0  10  
0  2  0  3  3  0  3  0  3  0  
1  2  3  0  4  4  0  0  0  0  
0  0  3  4  0  5  5  0  0  0  
1  2  0  4  5  0  6  0  6  0  
0  0  3  0  5  6  0  7  7  0  
0  2  0  0  0  0  7  0  8  8  
1  0  3  0  0  6  7  8  0  9  
1  10  0  0  0  0  0  8  9  0  

Cay bao trum nho nhat theo Kruskal:
dH = 15
1 2
1 4
1 6
1 9
1 10
2 3
2 8
3 5
3 7

C5:
0  9  0  0  0  0  0  0  
0  0  0  2  0  0  2  0  
2  0  0  0  0  0  0  4  
0  0  3  0  0  4  5  0  
0  0  3  0  0  0  0  1  
0  0  0  0  1  0  0  0  
6  0  3  0  0  0  0  0  
0  0  0  7  0  1  0  0  

Duong di ngan nhat theo Dijkstra:
K/c 8 -> 1 = 7; 1 <- 3 <- 5 <- 6 <- 8
K/c 8 -> 2 = 16; 2 <- 1 <- 3 <- 5 <- 6 <- 8
K/c 8 -> 3 = 5; 3 <- 5 <- 6 <- 8
K/c 8 -> 4 = 7; 4 <- 8
K/c 8 -> 5 = 2; 5 <- 6 <- 8
K/c 8 -> 6 = 1; 6 <- 8
K/c 8 -> 7 = 12; 7 <- 4 <- 8
K/c 8 -> 8 = 0; 8 <- 8


