C1:
Ma tran ke:
0  0  0  0  0  0  0  1  1  1  
0  0  1  0  0  0  0  0  0  1  
0  1  0  0  1  0  0  0  0  0  
0  0  0  0  1  1  0  0  0  1  
0  0  1  1  0  0  0  0  0  1  
0  0  0  1  0  0  1  0  0  1  
0  0  0  0  0  1  0  1  0  0  
1  0  0  0  0  0  1  0  1  0  
1  0  0  0  0  0  0  1  0  1  
1  1  0  1  1  1  0  0  1  0  

Vertex:	1	2	3	4	5	6	7	8	9	10
deg:		3	2	2	3	3	3	2	3	3	6

Ma tran lien thuoc (vi du):
0  0  0  0  0  1  0  1  0  1  0  0  0  0  0
1  0  0  0  0  0  0  0  0  0  1  0  0  0  0
1  1  0  0  0  0  0  0  0  0  0  0  0  0  0
0  0  1  1  0  0  0  0  0  0  0  0  0  1  0
0  1  1  0  0  0  0  0  0  0  0  0  1  0  0
0  0  0  1  1  0  0  0  0  0  0  0  0  0  1
0  0  0  0  1  0  1  0  0  0  0  0  0  0  0
0  0  0  0  0  1  1  0  1  0  0  0  0  0  0
0  0  0  0  0  0  0  1  1  0  0  1  0  0  0
0  0  0  0  0  0  0  0  0  1  1  1  1  1  1

C2:
Ma tran ke:
0  0  0  0  0  0  0  1  1  1  
0  0  1  0  0  0  0  0  0  1  
0  1  0  0  1  0  0  0  0  0  
0  0  0  0  1  1  0  0  0  1  
0  0  1  1  0  0  0  0  0  1  
0  0  0  1  0  0  1  0  0  1  
0  0  0  0  0  1  0  1  0  0  
1  0  0  0  0  0  1  0  1  0  
1  0  0  0  0  0  0  1  0  1  
1  1  0  1  1  1  0  0  1  0  

BFS path: 7 <- 6 <- 10 <- 2

C3:
Ma tran ke:
0  1  0  0  0  0  0  0  0  0  
0  0  1  0  1  0  0  0  0  0  
0  0  0  1  1  0  0  0  0  0  
0  0  0  0  1  1  0  0  0  0  
0  0  0  0  0  1  0  0  0  0  
0  0  0  0  0  0  1  0  0  0  
1  0  0  0  1  0  0  1  0  0  
1  0  0  0  1  0  0  0  1  0  
0  0  0  0  0  0  1  0  0  1  
1  1  0  0  0  0  0  0  0  0  

Chu trinh Hamilton:
3 4 5 6 7 8 9 10 1 2 3

C4:
Ma tran trong so:
0  16  0  0  0  0  18  0  5  7  
16  0  14  0  11  0  0  0  0  7  
0  14  0  15  11  0  0  0  0  0  
0  0  15  0  11  9  1  0  0  0  
0  11  11  11  0  9  1  3  0  0  
0  0  0  9  9  0  1  0  0  0  
18  0  0  1  1  1  0  1  0  0  
0  0  0  0  3  0  1  0  3  0  
5  0  0  0  0  0  0  3  0  5  
7  7  0  0  0  0  0  0  5  0  

Cay bao trum nho nhat theo Kruskal: 
dH = 35
4 7
5 7
6 7
7 8
8 9
1 9
9 10
2 10
3 5

C5:
Ma tran trong so:
 0  0  0  0  2  0  1  0  
 0  0 -1  0  0  0  0  0  
 0  0  0  0  0  1  0  2  
-1  0  0  0  0  0  0  0  
 0  0  0  1  0  0  2  0  
 0  2  0  0  0  0  0  1  
 0  2  0  0  0 -1  0  0  
 0  0  0  1  2  0  0  0  

Duong di ngan nhat theo Bellman-Ford xuat phat tu dinh 1:
K/c 1 -> 1 = 0; 1 <- 1
K/c 1 -> 2 = 2; 2 <- 6 <- 7 <- 1
K/c 1 -> 3 = 1; 3 <- 2 <- 6 <- 7 <- 1
K/c 1 -> 4 = 2; 4 <- 8 <- 6 <- 7 <- 1
K/c 1 -> 5 = 2; 5 <- 1
K/c 1 -> 6 = 0; 6 <- 7 <- 1
K/c 1 -> 7 = 1; 7 <- 1
K/c 1 -> 8 = 1; 8 <- 6 <- 7 <- 1