C1:
Ma tran ke:
0  1  0  0  0  0  0  0  0  1  
1  0  1  0  1  0  1  0  0  0  
0  1  0  1  0  1  0  0  0  0  
0  0  1  0  1  1  0  0  0  0  
0  1  0  1  0  1  1  1  0  1  
0  0  1  1  1  0  0  0  0  0  
0  1  0  0  1  0  0  1  0  0  
0  0  0  0  1  0  1  0  1  0  
0  0  0  0  0  0  0  1  0  1  
1  0  0  0  1  0  0  0  1  0  

Vertex:	1	2	3	4	5	6	7	8	9	10
deg:		2	4	3	3	6	3	3	3	2	3

Ma tran lien thuoc (vi du):
1  0  0  0  0  0  0  0  0  0  1  0  0  0  0  0
1  1  0  0  0  0  0  1  0  0  0  0  1  0  0  0
0  1  1  0  1  0  0  0  0  0  0  0  0  0  0  0
0  0  1  1  0  1  0  0  0  0  0  0  0  0  0  0
0  0  0  1  0  0  1  0  0  0  0  0  1  1  1  1
0  0  0  0  1  1  1  0  0  0  0  0  0  0  0  0
0  0  0  0  0  0  0  1  1  0  0  0  0  1  0  0
0  0  0  0  0  0  0  0  1  1  0  0  0  0  1  0
0  0  0  0  0  0  0  0  0  1  0  1  0  0  0  0
0  0  0  0  0  0  0  0  0  0  1  1  0  0  0  1

C2:
Ma tran ke:
0  1  0  0  0  0  0  0  0  1  
1  0  1  0  1  0  1  0  0  0  
0  1  0  1  0  1  0  0  0  0  
0  0  1  0  1  1  0  0  0  0  
0  1  0  1  0  1  1  1  0  1  
0  0  1  1  1  0  0  0  0  0  
0  1  0  0  1  0  0  1  0  0  
0  0  0  0  1  0  1  0  1  0  
0  0  0  0  0  0  0  1  0  1  
1  0  0  0  1  0  0  0  1  0  

Khong co dinh tru

C3:
Ma tran ke:
0  1  1  0  1  0  0  0  1  1  
1  0  1  0  1  0  0  0  0  1  
1  1  0  1  1  0  0  0  0  0  
0  0  1  0  1  1  0  0  1  0  
1  1  1  1  0  1  1  0  0  0  
0  0  0  1  1  0  1  0  1  0  
0  0  0  0  1  1  0  1  0  1  
0  0  0  0  0  0  1  0  0  1  
1  0  0  1  0  1  0  0  0  1  
1  1  0  0  0  0  1  1  1  0  

Duong di Euler:
1 2 3 1 5 2 10 1 9 4 3 5 4 6 5 7 6 9 10 7 8 10

C4:
Ma tran ke:
0  18  11  0  0  11  0  0  0  0  
18  0  11  10  8  0  0  0  0  0  
11  11  0  10  0  0  0  0  0  0  
0  10  10  0  10  11  7  0  0  0  
0  8  0  10  0  12  7  3  0  0  
11  0  0  11  12  0  3  3  2  0  
0  0  0  7  7  3  0  3  2  1  
0  0  0  0  3  3  3  0  2  1  
0  0  0  0  0  2  2  2  0  1  
0  0  0  0  0  0  1  1  1  0  

Cay bao trum nho nhat theo Kruskal: 
dH = 44
7 10
8 10
9 10
6 9
5 8
4 7
2 5
3 4
1 3

C5:
Ma tran ke:
 0  1  0  0  0  3  1  0  
 0  0 -1  0  0  0  0  0  
 0  0  0  2  0  0  0  1  
 0  0  0  0  3  0  0  0  
-1  0  0  0  0 -2  0  0  
 0  2  1  2  0  0  0  0  
 0  0  0  0  1  0  0  0  
 0  1  0  0  0  0  0  0  

Duong di ngan nhat theo Bellman-Ford tu dinh 4 den cac dinh:
K/c 4 -> 1 = 2; 1 <- 5 <- 4
K/c 4 -> 2 = 3; 2 <- 1 <- 5 <- 4
K/c 4 -> 3 = 2; 3 <- 2 <- 1 <- 5 <- 4
K/c 4 -> 4 = 0; 4 <- 4
K/c 4 -> 5 = 3; 5 <- 4
K/c 4 -> 6 = 1; 6 <- 5 <- 4
K/c 4 -> 7 = 3; 7 <- 1 <- 5 <- 4
K/c 4 -> 8 = 3; 8 <- 3 <- 2 <- 1 <- 5 <- 4
