C1:
Ma tran ke:
0  1  0  0  0  0  0  0  0  1  
1  0  1  0  0  0  0  1  0  0  
0  1  0  1  0  0  1  1  1  0  
0  0  1  0  1  1  0  0  0  0  
0  0  0  1  0  1  1  0  0  0  
0  0  0  1  1  0  1  0  0  0  
0  0  1  0  1  1  0  1  0  0  
0  1  1  0  0  0  1  0  1  0  
0  0  1  0  0  0  0  1  0  1  
1  0  0  0  0  0  0  0  1  0  

Vertex:	1	2	3	4	5	6	7	8	9	10
deg:		2	3	5	3	3	3	4	4	3	2

Ma tran lien thuoc (vi du):
1  0  0  0  0  0  0  0  0  0  1  0  0  0  0  0
1  1  0  0  0  0  0  0  1  0  0  0  0  0  0  0
0  1  1  0  0  0  0  0  0  0  0  0  1  1  1  0
0  0  1  1  1  0  0  0  0  0  0  0  0  0  0  0
0  0  0  1  0  1  1  0  0  0  0  0  0  0  0  0
0  0  0  0  1  1  0  1  0  0  0  0  0  0  0  0
0  0  0  0  0  0  1  1  0  0  0  0  0  1  0  1
0  0  0  0  0  0  0  0  1  1  0  0  1  0  0  1
0  0  0  0  0  0  0  0  0  1  0  1  0  0  1  0
0  0  0  0  0  0  0  0  0  0  1  1  0  0  0  0

C2:
Ma tran ke:
0  1  0  0  0  0  0  0  0  1  
1  0  1  0  0  0  0  1  0  0  
0  1  0  1  0  0  1  1  1  0  
0  0  1  0  1  1  0  0  0  0  
0  0  0  1  0  1  1  0  0  0  
0  0  0  1  1  0  1  0  0  0  
0  0  1  0  1  1  0  1  0  0  
0  1  1  0  0  0  1  0  1  0  
0  0  1  0  0  0  0  1  0  1  
1  0  0  0  0  0  0  0  1  0  

Khong co canh cau

C3:
Ma tran ke:
0  1  1  0  0  0  0  0  0  0  
0  0  1  1  0  0  1  0  0  0  
0  0  0  1  1  0  0  0  0  0  
0  0  0  0  1  1  0  0  0  0  
0  1  0  0  0  1  0  0  0  1  
0  0  0  0  0  0  1  1  0  0  
0  0  0  0  1  0  0  1  1  0  
0  0  0  0  0  0  0  0  1  1  
1  0  0  0  0  0  0  0  0  1  
1  1  0  0  0  0  1  0  0  0  

Cac chu trinh Hamilton xuat phat tu dinh 9:
9 1 2 3 4 5 6 8 10 7 9
9 1 3 4 5 6 8 10 2 7 9
9 1 3 5 2 4 6 8 10 7 9
9 1 3 5 10 2 4 6 7 8 9
9 10 1 2 3 4 5 6 7 8 9
9 10 1 3 5 2 4 6 7 8 9

C4:
Ma tran ke:
0  1  0  0  0  1  0  0  1  1  
1  0  1  1  0  0  0  1  0  1  
0  1  0  2  2  0  0  0  0  0  
0  1  2  0  3  3  0  0  0  0  
0  0  2  3  0  4  4  0  0  0  
1  0  0  3  4  0  5  0  0  0  
0  0  0  0  4  5  0  6  6  0  
0  1  0  0  0  0  6  0  7  7  
1  0  0  0  0  0  6  7  0  0  
1  1  0  0  0  0  0  7  0  0  

Cay bao trum nho nhat theo Prim: 
dH = 13
1 2
1 6
1 9
1 10
2 3
2 4
2 8
3 5
5 7

C5:
Ma tran ke:
0  3  0  0  0  0 -1  0  
0  0  4  0  0  0  0  0  
0  0  0  5  0  0  0  2  
0  0  0  0  6  0  0 -1  
0  0  0  0  0  7  0  0  
8  0  0  0  0  0  0  0  
0  0  0  0 -1  2  0  0  
0 -1  0  0  0  0  2  0  

Duong di ngan nhat theo Bellman-Ford:
K/c 3 -> 1 = 14; 1 <- 6 <- 7 <- 8 <- 3
K/c 3 -> 2 = 1; 2 <- 8 <- 3
K/c 3 -> 3 = 0; 3 <- 3
K/c 3 -> 4 = 5; 4 <- 3
K/c 3 -> 5 = 3; 5 <- 7 <- 8 <- 3
K/c 3 -> 6 = 6; 6 <- 7 <- 8 <- 3
K/c 3 -> 7 = 4; 7 <- 8 <- 3
K/c 3 -> 8 = 2; 8 <- 3