C1:
Ma tran ke:
0  1  1  0  0  0  0  0  0  0  
0  0  1  0  1  0  0  0  0  0  
0  0  0  1  0  1  0  0  0  0  
0  0  0  0  1  1  0  0  0  0  
1  0  1  0  0  0  0  0  1  0  
0  0  0  0  1  0  0  1  0  0  
1  0  0  0  1  1  0  1  1  0  
0  0  0  0  0  0  0  0  1  0  
1  1  0  0  0  0  0  0  0  1  
1  0  0  0  0  0  1  0  0  0  

vertex:	1	2	3	4	5	6	7	8	9	10
deg+:		2	2	2	2	3	2	5	1	3	2
deg-:		4	2	3	1	4	3	1	2	3	1

C2:
Ma tran ke:
0  1  1  0  0  0  0  0  0  0  
0  0  1  0  1  0  0  0  0  0  
0  0  0  1  0  1  0  0  0  0  
0  0  0  0  1  1  0  0  0  0  
1  0  1  0  0  0  0  0  1  0  
0  0  0  0  1  0  0  1  0  0  
1  0  0  0  1  1  0  1  1  0  
0  0  0  0  0  0  0  0  1  0  
1  1  0  0  0  0  0  0  0  1  
1  0  0  0  0  0  1  0  0  0  

Duyet tai dinh (1): 1 2 3 4 5 9 10 7 6 8
Duyet tai dinh (2): 2 3 4 5 1 9 10 7 6 8
Duyet tai dinh (3): 3 4 5 1 2 9 10 7 6 8
Duyet tai dinh (4): 4 5 1 2 3 6 8 9 10 7
Duyet tai dinh (5): 5 1 2 3 4 6 8 9 10 7
Duyet tai dinh (6): 6 5 1 2 3 4 9 10 7 8
Duyet tai dinh (7): 7 1 2 3 4 5 9 10 6 8
Duyet tai dinh (8): 8 9 1 2 3 4 5 6 10 7
Duyet tai dinh (9): 9 1 2 3 4 5 6 8 10 7
Duyet tai dinh (10): 10 1 2 3 4 5 9 6 8 7

=> Lien thong manh.

C3:
Ma tran ke:
0  1  0  0  0  0  0  1  1  0  
0  0  1  1  0  0  0  0  0  0  
0  0  0  1  1  0  0  0  0  0  
1  0  0  0  0  1  0  0  0  0  
1  0  0  0  0  0  1  0  0  0  
0  0  1  0  0  0  1  0  0  0  
0  0  0  0  0  0  0  1  1  0  
0  0  0  0  0  0  0  0  1  1  
0  0  0  0  1  1  0  0  0  1  
0  1  0  0  0  0  0  0  0  0  

Duong di Euler:
1 2 3 4 1 8 9 5 1 9 6 3 5 7 8 10 2 4 6 7 9 10

C4:
Ma tran trong so:
0  5  0  0  9  8  1  2  3  4  
5  0  5  0  0  8  0  0  0  4  
0  5  0  6  0  6  0  0  0  0  
0  0  6  0  7  7  0  0  0  0  
9  0  0  7  0  11  1  7  0  0  
8  8  6  7  11  0  1  0  0  0  
1  0  0  0  1  1  0  1  1  0  
2  0  0  0  7  0  1  0  2  0  
3  0  0  0  0  0  1  2  0  3  
4  4  0  0  0  0  0  0  3  0  

Cay bao trum nho nhat theo Prim tu dinh 6: 
dH = 23
6 7
1 7
5 7
7 8
7 9
9 10
2 10
2 3
3 4

C5:
Ma tran trong so:
0  1  0  0  0  0  3  0  
0  0  2  6  0  0  0  0  
4  0  0  0  0  0  1  0  
0  0  0  0  0  1  0  1  
0  0  2  1  0  0  0  0  
0  0  0  0  2  0  0  0  
0  2  0  0  0  0  0  1  
0  0  0  0  1  4  0  0  

Duong di ngan nhat theo Dijkstra tu dinh so 1:
K/c 1 -> 1 = 0; 1 <- 1
K/c 1 -> 2 = 1; 2 <- 1
K/c 1 -> 3 = 3; 3 <- 2 <- 1
K/c 1 -> 4 = 6; 4 <- 5 <- 8 <- 7 <- 1
K/c 1 -> 5 = 5; 5 <- 8 <- 7 <- 1
K/c 1 -> 6 = 7; 6 <- 4 <- 5 <- 8 <- 7 <- 1
K/c 1 -> 7 = 3; 7 <- 1
K/c 1 -> 8 = 4; 8 <- 7 <- 1