120 155 1
1 2
2 3
4 2
4 5
6 4
4 7
4 8
9 4
10 8
9 11
9 12
12 13
14 13
13 15
13 16
15 17
15 18
16 19
18 20
18 21
22 19
19 23
19 24
25 19
26 20
20 27
28 21
29 21
25 30
26 31
27 32
33 28
34 29
35 30
36 31
31 37
31 38
32 39
40 34
35 41
35 42
43 38
38 44
39 45
46 39
39 47
40 48
49 40
42 50
51 42
52 45
53 46
54 46
46 55
46 56
57 47
58 47
59 48
48 60
61 49
62 51
63 51
51 64
52 65
66 52
67 55
68 55
69 56
58 70
71 60
72 64
73 68
74 69
69 75
76 70
77 70
78 71
71 79
72 80
75 81
82 75
83 77
84 80
85 81
81 86
87 82
82 88
83 89
90 84
84 91
92 85
93 87
88 94
88 95
89 96
97 89
98 90
99 95
97 100
97 101
101 102
103 102
104 102
105 103
104 106
107 104
108 104
109 105
107 110
107 111
108 112
108 113
109 114
112 115
113 116
117 114
116 118
119 116
117 120
9 46 57 13 13 70 52 91 20 97 23 99 89 44 68 30 101 57 57 110 80 103 11 52 80 22 85 68 6 14 93 92 84 55 17 25 19 16 109 23 118 103 109 38 54 80 63 30 87 45 22 74 45 59 29 35 97 44 95 46 39 6 39 116 69 102 41 12 90 40 73 119 89 45 67 82 72 22 101 39 2 28 56 56 57 87 96 9 15 111 19 90 83 67 76 71 7 16 55 28 93 102 104 14 102 3 79 116 58 78 55 70 51 12 82 70 21 5 13 88 75 109 55 20 77 103 111 69 28 67 11 92 90 44 58 120 11 69 103 116 56 104 109 62 44 4 105 55 35 82 9 35 14 2 5
2 147 149 13
2 92 129 61
1 106 32
2 80 117 49
1 105 36
2 69 114 74
1 134 120
2 46 122 119
1 70 62
2 67 123 40
2 151 154 59
1 31 34
1 11 95
2 8 128 95
2 58 92 71
1 94 112
2 75 84 77
1 126 71
1 57 65
1 23 50
1 91 22
2 90 107 87
1 19 19
1 62 26
2 66 142 37
2 32 90 4
2 56 124 37
2 73 141 26
2 59 69 67
1 144 88
1 143 18
2 69 155 68
2 147 155 32
1 43 30
1 16 79
2 36 148 103
1 121 91
1 53 9
1 60 58
2 101 137 68
1 118 97
1 115 49
1 90 110
1 142 90
2 108 152 65
1 52 60
1 91 16
2 74 105 2
2 70 149 48
1 83 114
1 98 76
2 56 67 104
2 68 144 39
2 116 120 20
1 9 22
1 96 75
1 138 60
1 98 110
2 133 143 66
1 104 49
2 144 149 78
1 32 109
1 77 76
2 36 54 101
2 19 101 62
2 145 146 53
1 14 22
1 69 75
1 38 34
1 23 110
2 20 120 97
1 35 8
2 25 73 27
2 73 122 43
2 128 137 6
1 104 25
1 111 13
1 13 21
1 83 3
1 70 91
1 45 31
2 41 98 33
1 81 96
1 70 97
1 23 46
2 44 61 51
2 81 115 116
1 10 78
1 116 77
2 128 133 48
2 146 155 28
1 72 58
1 43 55
1 146 45
1 93 97
1 33 20
2 48 113 117
2 138 155 118
2 30 83 44
1 117 108
1 19 74
1 33 12
1 62 99
1 122 76
2 37 46 15
1 7 46
2 155 155 15
1 33 56
1 10 23
2 1 83 87
1 53 78
1 128 113
1 66 94
1 113 103
1 112 101
1 132 69
2 104 108 45
1 49 28
2 120 131 98
2 75 75 18
2 28 44 63
2 111 111 72
2 117 130 70
1 55 53
1 45 58
2 12 113 79
1 98 46
2 68 118 47
1 69 106
2 28 68 46
2 29 64 27
1 6 67
2 47 62 104
1 96 81
2 92 95 87
2 114 119 77
2 155 155 93
2 134 134 43
1 25 80
2 125 137 59
2 40 73 20
1 58 3
1 119 101
2 82 155 75
2 125 148 83
2 4 93 39
1 137 101
1 59 110
1 138 18
1 103 87
2 25 37 49
2 104 113 96
1 22 65
2 131 133 21
1 79 94
2 70 89 103
1 110 34
1 30 107
2 5 148 16
2 104 154 40
2 104 127 94
2 70 119 99
1 33 97
2 85 150 26
1 44 79
2 94 129 14
1 2 63
1 22 60
1 22 63
2 121 136 13
1 27 62
1 113 78
1 130 26
1 52 16
1 77 91
1 100 94
2 37 93 40
1 32 73
2 115 155 112
1 87 46
2 32 97 46
1 68 69
1 103 2
2 21 109 59
2 108 114 66
1 57 62
2 140 149 43
2 131 152 16
1 122 71
2 59 65 120
2 27 123 44
1 68 20
1 123 14
2 18 43 21
